# r      g(r)
0.935 0.014531826803959851 0.0001590862383594679
0.9450000000000001 0.09467437842726352 0.0012182167980211414
0.9550000000000001 0.014944065374648234 0.0013890642757923963
0.965 0.0 0.0013890642757923963
0.975 0.0 0.0013890642757923963
0.985 0.402792536872446 0.0062848349340999185
0.995 49.2468836508432 0.6170726151301535
1.0050000000000001 50.547601693070554 1.2566667657086823
1.0150000000000001 0.9147635250112193 1.268472574027717
1.025 0.0044672517655212005 1.2685313802247746
1.035 0.0 1.2685313802247746
1.045 0.0 1.2685313802247746
1.055 0.0 1.2685313802247746
1.065 0.0010882785657507802 1.268546855539791
1.075 0.12328384068264528 1.2703314688673804
1.085 1.4505421474821312 1.291723925332224
1.095 1.374680574116689 1.3123729476637225
1.105 0.010887653935711205 1.312539462053291
1.115 0.0 1.312539462053291
1.125 0.0 1.312539462053291
1.135 7.684723535348985e-5 1.3125407000784923
1.145 0.00011265767098275859 1.312542557116294
1.155 0.0006301284965288414 1.3125530803305048
1.165 0.0022563653203339466 1.3125914591117425
1.175 0.00518746554553389 1.312681215938831
1.185 0.01241980273817837 1.3128997273868503
1.195 0.024981757881596938 1.313346654484498
1.205 0.04339182777171344 1.3141358955502886
1.215 0.06281944255585838 1.3152977822016554
1.225 0.07595609356296482 1.316725844271286
1.235 0.08277685678769532 1.3183074214658705
1.245 0.0757846512147381 1.3197788144175462
1.2550000000000001 0.06158387597651259 1.3209939361525647
1.2650000000000001 0.0388568219268951 1.3217726540041452
1.2750000000000001 0.025403309855136336 1.3222901485382637
1.285 0.019000884023500083 1.322683221539658
1.295 0.018883759125061877 1.323080008616655
1.305 0.028057082928576588 1.3236785938014548
1.315 0.04180191432625486 1.3245842092361624
1.325 0.056618926357710896 1.3258296625886117
1.335 0.06501152395884789 1.3272812471370667
1.345 0.06432468244528915 1.3287390218115271
1.355 0.05840012928971362 1.3300822791548752
1.365 0.04965699684540856 1.3312410707432365
1.375 0.04317726958630615 1.3322636795594616
1.385 0.041733937956507 1.3332664799724663
1.395 0.040167013996364014 1.3342457579066476
1.405 0.04377834480316081 1.3353284109451329
1.415 0.043704036619861046 1.3364246822608323
1.425 0.05045311680490874 1.3377078953819177
1.435 0.05123347855988633 1.3390294872842423
1.445 0.053712094959948165 1.3404346458876526
1.455 0.057438545779199913 1.3419580358977792
1.465 0.06164901999334735 1.3436157516422402
1.475 0.06647385817849209 1.3454276015242563
1.485 0.07253412694637205 1.3474313453124653
1.495 0.08343839054676772 1.3497674988672068
1.5050000000000001 0.09416934520678143 1.3524397762640858
1.5150000000000001 0.11569735681891266 1.3557663499798205
1.5250000000000001 0.13223262842082298 1.3596190844060823
1.5350000000000001 0.15317084753889842 1.3641403524410138
1.545 0.16134782751656634 1.3689655556628508
1.555 0.1747619727679003 1.3742593514233574
1.565 0.1840103100135795 1.3799059843662178
1.575 0.19271952303429915 1.3858949312772209
1.585 0.20384447602981645 1.3923103778700519
1.595 0.21942195370820775 1.3993039822318627
1.605 0.24692746814755456 1.4072725314396495
1.615 0.2767638374936471 1.4163156865221147
1.625 4.792996033873318 1.5748689550324484
1.635 13.811160981938707 2.037393313178283
1.645 1.2201160407847333 2.078755735151744
1.655 0.429337345227009 2.093488854059115
1.665 0.46817271363393287 2.109748458039613
1.675 0.5112871050911125 2.127719012848226
1.685 0.5382057354685702 2.146861977522414
1.695 0.5836188419512554 2.167868789137072
1.705 0.607439318479622 2.1899898234328465
1.715 0.6280810290716872 2.2131316095070432
1.725 0.6580587612174519 2.237661840844432
1.735 0.6780903932348112 2.2632344894012655
1.745 0.6967743432022544 2.289814271459309
1.7550000000000001 0.7074241690561108 2.317110870108873
1.7650000000000001 0.7101110686737281 2.344824064238652
1.7750000000000001 0.7163610249035661 2.3730987027971944
1.7850000000000001 0.7095702552840937 2.401422243351186
1.795 0.7097237957596627 2.4300695274953017
1.805 0.7016030102948397 2.4587069074378074
1.815 0.6967660779460254 2.4874618997744324
1.825 0.6933044550440095 2.516390834651831
1.835 0.6787988013183159 2.5450232624935327
1.845 0.6673233000765202 2.5734811287818573
1.855 0.6602170282977818 2.6019414711205866
1.865 0.6505994426326303 2.630290391191203
1.875 0.6420063683103586 2.6585650297497456
1.885 0.6292307396471645 2.686575349927823
1.895 0.6245003839921988 2.7146692368069862
1.905 0.6097782697144505 2.7423929541509744
1.915 0.6073627022783058 2.7702961851491446
1.925 0.5994623495016365 2.7981263726604424
1.935 0.5925958258374993 2.8259218954661036
1.945 0.5878880814002297 2.8537836526200335
1.955 0.5853841004668349 2.881811924163528
1.965 0.5905842597341184 2.910379355682164
1.975 0.5784480462602308 2.938645947076898
1.985 0.5829178099530051 2.96741950979154
1.995 0.5831451358907419 2.9964951506552855
2.005 0.5920806895158878 3.0263129876271777