0.93500 0.01453 8.01426 1602.85103
0.93607 0.02393 9.45404 1088.33585
0.93714 0.03457 10.34329 573.82067
0.93821 0.04586 10.68202 59.30549
0.93928 0.05723 10.47021 -455.20969
0.94035 0.06807 9.70787 -969.72487
0.94142 0.07781 8.39500 -1484.24006
0.94249 0.08584 6.53159 -1998.75524
0.94356 0.09159 4.11766 -2513.27042
0.94463 0.09446 1.15320 -3027.78560
0.94570 0.09369 -2.73977 -3641.85169
0.94677 0.08884 -6.19151 -2809.99627
0.94784 0.08076 -8.75316 -1978.14085
0.94891 0.07042 -10.42473 -1146.28543
0.94998 0.05877 -11.20621 -314.43001
0.95105 0.04676 -11.09761 517.42541
0.95212 0.03534 -10.09892 1349.28083
0.95319 0.02546 -8.21015 2181.13625
0.95426 0.01809 -5.43129 3012.99167
0.95533 0.01397 -2.89018 298.88131
0.95640 0.01105 -2.57038 298.88131
0.95747 0.00847 -2.25058 298.88131
0.95854 0.00624 -1.93077 298.88131
0.95961 0.00434 -1.61097 298.88131
0.96068 0.00279 -1.29117 298.88131
0.96175 0.00158 -0.97136 298.88131
0.96282 0.00071 -0.65156 298.88131
0.96389 0.00018 -0.33176 298.88131
0.96496 0.00000 -0.01196 298.88131
0.96603 0.00000 0.00000 0.00000
0.96710 0.00000 0.00000 0.00000
0.96817 0.00000 0.00000 0.00000
0.96924 0.00000 0.00000 0.00000
0.97031 0.00000 0.00000 0.00000
0.97138 0.00000 0.00000 0.00000
0.97245 0.00000 0.00000 0.00000
0.97352 0.00000 0.00000 0.00000
0.97459 0.00000 0.00000 0.00000
0.97566 0.00175 5.31686 8055.85074
0.97673 0.01206 13.93662 8055.85074
0.97780 0.03158 22.55638 8055.85074
0.97887 0.06033 31.17614 8055.85074
0.97994 0.09830 39.79590 8055.85074
0.98101 0.14549 48.41566 8055.85074
0.98208 0.20191 57.03542 8055.85074
0.98315 0.26754 65.65518 8055.85074
0.98422 0.34241 74.27494 8055.85074
0.98529 0.54355 882.22544 2682344.12194
0.98636 2.90754 3428.50615 2077059.06787
0.98743 7.64955 5327.13184 1471774.01380
0.98850 14.07660 6578.10254 866488.95973
0.98957 21.49569 7181.41822 261203.90567
0.99064 29.21384 7137.07889 -344081.14840
0.99171 36.53805 6445.08456 -949366.20247
0.99278 42.77532 5105.43522 -1554651.25654
0.99385 47.23268 3118.13087 -2159936.31060
0.99492 49.21713 483.17152 -2765221.36467
0.99599 49.49168 234.38939 -26014.36084
0.99706 49.72758 206.55403 -26014.36084
0.99813 49.93370 178.71866 -26014.36084
0.99920 50.11004 150.88329 -26014.36084
1.00027 50.25659 123.04793 -26014.36084
1.00134 50.37336 95.21256 -26014.36084
1.00241 50.46035 67.37719 -26014.36084
1.00348 50.51755 39.54183 -26014.36084
1.00455 50.54497 11.70646 -26014.36084
1.00562 50.00546 -1711.39256 -2579062.72746
1.00669 46.81726 -4136.29505 -1953465.28953
1.00776 41.39254 -5891.80828 -1327867.85160
1.00883 34.44754 -6977.93225 -702270.41367
1.00990 26.69851 -7394.66697 -76672.97574
1.01097 18.86170 -7142.01242 548924.46219
1.01204 11.65335 -6219.96862 1174521.90012
1.01311 5.78971 -4628.53555 1800119.33805
1.01418 1.98703 -2367.71323 2425716.77598
1.01525 0.86982 -177.46478 18371.21378
1.01632 0.69044 -157.83826 18313.85427
1.01739 0.53203 -138.27313 18256.49475
1.01846 0.39452 -118.76937 18199.13524
1.01953 0.27784 -99.32698 18141.77573
1.02060 0.18193 -79.94597 18084.41622
1.02167 0.10673 -60.62633 18027.05670
1.02274 0.05217 -41.36806 17969.69719
1.02381 0.01818 -22.17118 17912.33768
1.02488 0.00470 -3.03566 17854.97817
1.02595 0.00366 -0.80857 89.34504
1.02702 0.00284 -0.71297 89.34504
1.02809 0.00213 -0.61737 89.34504
1.02916 0.00152 -0.52178 89.34504
1.03023 0.00102 -0.42618 89.34504
1.03130 0.00061 -0.33058 89.34504
1.03237 0.00031 -0.23498 89.34504
1.03344 0.00011 -0.13938 89.34504
1.03451 0.00001 -0.04378 89.34504
1.03558 0.00000 0.00000 0.00000
1.03665 0.00000 0.00000 0.00000
1.03772 0.00000 0.00000 0.00000
1.03879 0.00000 0.00000 0.00000
1.03986 0.00000 0.00000 0.00000
1.04093 0.00000 0.00000 0.00000
1.04200 0.00000 0.00000 0.00000
1.04307 0.00000 0.00000 0.00000
1.04414 0.00000 0.00000 0.00000
1.04521 0.00000 0.00000 0.00000
1.04628 0.00000 0.00000 0.00000
1.04735 0.00000 0.00000 0.00000
1.04842 0.00000 0.00000 0.00000
1.04949 0.00000 0.00000 0.00000
1.05056 0.00000 0.00000 0.00000
1.05163 0.00000 0.00000 0.00000
1.05270 0.00000 0.00000 0.00000
1.05377 0.00000 0.00000 0.00000
1.05484 0.00000 0.00000 0.00000
1.05591 0.00001 0.01981 21.76557
1.05698 0.00004 0.04310 21.76557
1.05805 0.00010 0.06638 21.76557
1.05912 0.00018 0.08967 21.76557
1.06019 0.00029 0.11296 21.76557
1.06126 0.00043 0.13625 21.76557
1.06233 0.00058 0.15954 21.76557
1.06340 0.00077 0.18283 21.76557
1.06447 0.00098 0.20612 21.76557
1.06554 0.00155 1.49226 2363.90100
1.06661 0.00450 4.02911 2377.87450
1.06768 0.01018 6.58091 2391.84800
1.06875 0.01859 9.14766 2405.82149
1.06982 0.02976 11.72937 2419.79499
1.07089 0.04370 14.32602 2433.76849
1.07196 0.06042 16.93763 2447.74198
1.07303 0.07995 19.56419 2461.71548
1.07410 0.10229 22.20570 2475.68898
1.07517 0.12844 36.10633 67401.52544
1.07624 0.20270 99.94790 51928.51980
1.07731 0.33642 147.23336 36455.51416
1.07838 0.51188 177.96270 20982.50851
1.07945 0.71135 192.13593 5509.50287
1.08052 0.91714 189.75304 -9963.50277
1.08159 1.11152 170.81403 -25436.50841
1.08266 1.27678 135.31891 -40909.51405
1.08373 1.39520 83.26767 -56382.51969
1.08480 1.44907 14.66032 -71855.52534
1.08587 1.44997 -1.31999 -1517.23147
1.08694 1.44769 -2.94343 -1517.23147
1.08801 1.44367 -4.56687 -1517.23147
1.08908 1.43791 -6.19030 -1517.23147
1.09015 1.43042 -7.81374 -1517.23147
1.09122 1.42119 -9.43718 -1517.23147
1.09229 1.41023 -11.06062 -1517.23147
1.09336 1.39752 -12.68406 -1517.23147
1.09443 1.38308 -14.30749 -1517.23147
1.09550 1.35800 -50.91832 -67660.88103
1.09657 1.26791 -114.54294 -51263.64001
1.09764 1.11913 -160.62251 -34866.39899
1.09871 0.93044 -189.15703 -18469.15798
1.09978 0.72060 -200.14651 -2071.91696
1.10085 0.50838 -193.59094 14325.32406
1.10192 0.31257 -169.49031 30722.56507
1.10299 0.15193 -127.84465 47119.80609
1.10406 0.04524 -68.65393 63517.04711
1.10513 0.01061 -2.14922 217.75308
1.10620 0.00843 -1.91623 217.75308
1.10727 0.00651 -1.68323 217.75308
1.10834 0.00483 -1.45024 217.75308
1.10941 0.00340 -1.21724 217.75308
1.11048 0.00222 -0.98424 217.75308
1.11155 0.00130 -0.75125 217.75308
1.11262 0.00062 -0.51825 217.75308
1.11369 0.00019 -0.28526 217.75308
1.11476 0.00001 -0.05226 217.75308
1.11583 0.00000 0.00000 0.00000
1.11690 0.00000 0.00000 0.00000
1.11797 0.00000 0.00000 0.00000
1.11904 0.00000 0.00000 0.00000
1.12011 0.00000 0.00000 0.00000
1.12118 0.00000 0.00000 0.00000
1.12225 0.00000 0.00000 0.00000
1.12332 0.00000 0.00000 0.00000
1.12439 0.00000 0.00000 0.00000
1.12546 0.00000 0.00154 3.21553
1.12653 0.00000 0.00465 2.59044
1.12760 0.00001 0.00708 1.96535
1.12867 0.00002 0.00885 1.34027
1.12974 0.00003 0.00995 0.71518
1.13081 0.00004 0.01038 0.09009
1.13188 0.00005 0.01015 -0.53500
1.13295 0.00006 0.00924 -1.16008
1.13402 0.00007 0.00766 -1.78517
1.13509 0.00008 0.00550 -1.50653
1.13616 0.00008 0.00408 -1.14490
1.13723 0.00009 0.00305 -0.78326
1.13830 0.00009 0.00240 -0.42163
1.13937 0.00009 0.00214 -0.06000
1.14044 0.00009 0.00227 0.30163
1.14151 0.00010 0.00279 0.66326
1.14258 0.00010 0.00369 1.02489
1.14365 0.00010 0.00498 1.38652
1.14472 0.00011 0.00666 1.74815
1.14579 0.00012 0.01321 7.82406
1.14686 0.00014 0.02183 8.28387
1.14793 0.00017 0.03094 8.74368
1.14900 0.00021 0.04054 9.20348
1.15007 0.00025 0.05063 9.66329
1.15114 0.00031 0.06122 10.12309
1.15221 0.00039 0.07230 10.58290
1.15328 0.00047 0.08387 11.04271
1.15435 0.00057 0.09593 11.50251
1.15542 0.00067 0.10798 10.75724
1.15649 0.00080 0.11970 11.14973
1.15756 0.00093 0.13184 11.54223
1.15863 0.00108 0.14440 11.93473
1.15970 0.00124 0.15738 12.32722
1.16077 0.00142 0.17078 12.71972
1.16184 0.00161 0.18460 13.11222
1.16291 0.00181 0.19884 13.50471
1.16398 0.00203 0.21350 13.89721
1.16505 0.00227 0.22703 -16.46565
1.16612 0.00250 0.21456 -6.84729
1.16719 0.00273 0.21238 2.77107
1.16826 0.00296 0.22049 12.38943
1.16933 0.00321 0.23889 22.00779
1.17040 0.00348 0.26759 31.62615
1.17147 0.00378 0.30657 41.24451
1.17254 0.00414 0.35585 50.86287
1.17361 0.00455 0.41542 60.48123
1.17468 0.00503 0.48528 70.09959
1.17575 0.00558 0.53359 35.04242
1.17682 0.00617 0.57285 38.34352
1.17789 0.00681 0.61564 41.64462
1.17896 0.00749 0.66197 44.94573
1.18003 0.00822 0.71182 48.24683
1.18110 0.00901 0.76522 51.54793
1.18217 0.00986 0.82214 54.84903
1.18324 0.01077 0.88259 58.15014
1.18431 0.01175 0.94658 61.45124
1.18538 0.01280 1.00811 48.70230
1.18645 0.01391 1.06111 50.36667
1.18752 0.01507 1.11589 52.03105
1.18859 0.01629 1.17246 53.69542
1.18966 0.01758 1.23080 55.35980
1.19073 0.01893 1.29093 57.02417
1.19180 0.02034 1.35283 58.68855
1.19287 0.02183 1.41652 60.35292
1.19394 0.02338 1.48199 62.01730
1.19501 0.02500 1.54967 106.64193
1.19608 0.02671 1.65548 91.13580
1.19715 0.02853 1.74470 75.62967
1.19822 0.03044 1.81733 60.12354
1.19929 0.03242 1.87336 44.61741
1.20036 0.03444 1.91281 29.11128
1.20143 0.03650 1.93566 13.60515
1.20250 0.03858 1.94192 -1.90098
1.20357 0.04065 1.93159 -17.40710
1.20464 0.04271 1.90467 -32.91323
1.20571 0.04475 1.94547 67.69341
1.20678 0.04687 2.00535 44.23310
1.20785 0.04904 2.04013 20.77279
1.20892 0.05123 2.04981 -2.68753
1.20999 0.05341 2.03438 -26.14784
1.21106 0.05557 1.99385 -49.60815
1.21213 0.05767 1.92822 -73.06846
1.21320 0.05969 1.83748 -96.52878
1.21427 0.06160 1.72165 -119.98909
1.21534 0.06337 1.60690 -62.68582
1.21641 0.06505 1.53979 -62.76583
1.21748 0.06666 1.47259 -62.84583
1.21855 0.06820 1.40530 -62.92584
1.21962 0.06967 1.33792 -63.00584
1.22069 0.07107 1.27047 -63.08585
1.22176 0.07239 1.20292 -63.16586
1.22283 0.07364 1.13529 -63.24586
1.22390 0.07482 1.06757 -63.32587
1.22497 0.07593 0.99977 -63.40587
1.22604 0.07700 0.99649 -12.75848
1.22711 0.07805 0.97025 -36.27378
1.22818 0.07906 0.91886 -59.78908
1.22925 0.08001 0.84231 -83.30438
1.23032 0.08086 0.74059 -106.81968
1.23139 0.08158 0.61371 -130.33498
1.23246 0.08216 0.46167 -153.85028
1.23353 0.08256 0.28447 -177.36558
1.23460 0.08276 0.08211 -200.88088
1.23567 0.08273 -0.13453 -193.98308
1.23674 0.08248 -0.33046 -172.23263
1.23781 0.08203 -0.50311 -150.48218
1.23888 0.08141 -0.65249 -128.73173
1.23995 0.08064 -0.77859 -106.98128
1.24102 0.07975 -0.88143 -85.23083
1.24209 0.07877 -0.96099 -63.48038
1.24316 0.07771 -1.01728 -41.72993
1.24423 0.07660 -1.05029 -19.97948
1.24530 0.07546 -1.07750 -60.09454
1.24637 0.07428 -1.14406 -64.32439
1.24744 0.07301 -1.21515 -68.55424
1.24851 0.07167 -1.29077 -72.78408
1.24958 0.07025 -1.37091 -77.01393
1.25065 0.06874 -1.45558 -81.24378
1.25172 0.06713 -1.54477 -85.47362
1.25279 0.06543 -1.63849 -89.70347
1.25386 0.06363 -1.73674 -93.93331
1.25493 0.06171 -1.83951 -98.16316
1.25600 0.05961 -2.08295 -209.86153
1.25707 0.05728 -2.27694 -152.72411
1.25814 0.05476 -2.40978 -95.58668
1.25921 0.05214 -2.48149 -38.44926
1.26028 0.04948 -2.49206 18.68817
1.26135 0.04683 -2.44150 75.82559
1.26242 0.04427 -2.32980 132.96301
1.26349 0.04187 -2.15696 190.10044
1.26456 0.03968 -1.92298 247.23786
1.26563 0.03774 -1.73793 110.75954
1.26670 0.03594 -1.62323 103.62545
1.26777 0.03426 -1.51617 96.49137
1.26884 0.03269 -1.41674 89.35729
1.26991 0.03123 -1.32494 82.22320
1.27098 0.02986 -1.24078 75.08912
1.27205 0.02857 -1.16425 67.95504
1.27312 0.02736 -1.09536 60.82096
1.27419 0.02622 -1.03410 53.68687
1.27526 0.02515 -0.98767 21.78071
1.27633 0.02410 -0.95529 38.74641
1.27740 0.02311 -0.90475 55.71212
1.27847 0.02218 -0.83606 72.67782
1.27954 0.02133 -0.74922 89.64352
1.28061 0.02058 -0.64423 106.60923
1.28168 0.01995 -0.52108 123.57493
1.28275 0.01947 -0.37978 140.54063
1.28382 0.01915 -0.22032 157.50634
1.28489 0.01900 -0.04271 174.47204
1.28596 0.01898 -0.02118 2.34250
1.28703 0.01896 -0.01867 2.34250
1.28810 0.01894 -0.01616 2.34250
1.28917 0.01892 -0.01366 2.34250
1.29024 0.01891 -0.01115 2.34250
1.29131 0.01890 -0.00864 2.34250
1.29238 0.01889 -0.00614 2.34250
1.29345 0.01889 -0.00363 2.34250
1.29452 0.01888 -0.00112 2.34250
1.29559 0.01894 0.18233 296.83588
1.29666 0.01929 0.47628 252.61768
1.29773 0.01994 0.72293 208.39948
1.29880 0.02083 0.92226 164.18128
1.29987 0.02190 1.07428 119.96308
1.30094 0.02311 1.17898 75.74488
1.30201 0.02440 1.23637 31.52668
1.30308 0.02574 1.24645 -12.69152
1.30415 0.02705 1.20921 -56.90972
1.30522 0.02831 1.16341 78.39879
1.30629 0.02960 1.24129 67.16595
1.30736 0.03096 1.30714 55.93311
1.30843 0.03239 1.36098 44.70027
1.30950 0.03387 1.40280 33.46743
1.31057 0.03539 1.43260 22.23459
1.31164 0.03693 1.45039 11.00175
1.31271 0.03849 1.45615 -0.23109
1.31378 0.04004 1.44989 -11.46393
1.31485 0.04159 1.43161 -22.69677
1.31592 0.04315 1.49741 64.99715
1.31699 0.04478 1.55408 40.93308
1.31806 0.04647 1.58500 16.86901
1.31913 0.04817 1.59018 -7.19506
1.32020 0.04986 1.56961 -31.25913
1.32127 0.05152 1.52329 -55.32320
1.32234 0.05311 1.45121 -79.38727
1.32341 0.05461 1.35340 -103.45134
1.32448 0.05600 1.22983 -127.51541
1.32555 0.05726 1.17743 22.26838
1.32662 0.05853 1.18346 -10.98973
1.32769 0.05978 1.15391 -44.24784
1.32876 0.06099 1.08877 -77.50594
1.32983 0.06210 0.98805 -110.76405
1.33090 0.06309 0.85174 -144.02216
1.33197 0.06391 0.67984 -177.28026
1.33304 0.06453 0.47236 -210.53837
1.33411 0.06491 0.22929 -243.79648
1.33518 0.06501 -0.00247 -13.73683
1.33625 0.06500 -0.01717 -13.73683
1.33732 0.06497 -0.03187 -13.73683
1.33839 0.06493 -0.04657 -13.73683
1.33946 0.06487 -0.06127 -13.73683
1.34053 0.06480 -0.07596 -13.73683
1.34160 0.06471 -0.09066 -13.73683
1.34267 0.06461 -0.10536 -13.73683
1.34374 0.06449 -0.12006 -13.73683
1.34481 0.06435 -0.13476 -13.73683
1.34588 0.06415 -0.26546 -137.26147
1.34695 0.06379 -0.40154 -117.09252
1.34802 0.06329 -0.51603 -96.92357
1.34909 0.06269 -0.60895 -76.75463
1.35016 0.06200 -0.68029 -56.58568
1.35123 0.06124 -0.73005 -36.41673
1.35230 0.06044 -0.75822 -16.24779
1.35337 0.05963 -0.76482 3.92116
1.35444 0.05882 -0.74983 24.09011
1.35551 0.05802 -0.77169 -71.23020
1.35658 0.05715 -0.83918 -54.91703
1.35765 0.05623 -0.88922 -38.60386
1.35872 0.05526 -0.92180 -22.29069
1.35979 0.05426 -0.93692 -5.97752
1.36086 0.05326 -0.93459 10.33565
1.36193 0.05227 -0.91480 26.64882
1.36300 0.05131 -0.87756 42.96199
1.36407 0.05039 -0.82286 59.27516
1.36514 0.04955 -0.76472 -24.52563
1.36621 0.04872 -0.78251 -8.72369
1.36728 0.04788 -0.78339 7.07825
1.36835 0.04705 -0.76736 22.88019
1.36942 0.04625 -0.73443 38.68213
1.37049 0.04548 -0.68458 54.48407
1.37156 0.04479 -0.61783 70.28601
1.37263 0.04417 -0.53417 86.08795
1.37370 0.04365 -0.43360 101.88989
1.37477 0.04325 -0.31613 117.69183
1.37584 0.04295 -0.24232 51.38334
1.37691 0.04272 -0.19251 41.72042
1.37798 0.04254 -0.15304 32.05750
1.37905 0.04239 -0.12390 22.39458
1.38012 0.04227 -0.10511 12.73166
1.38119 0.04216 -0.09666 3.06874
1.38226 0.04206 -0.09855 -6.59418
1.38333 0.04195 -0.11077 -16.25710
1.38440 0.04182 -0.13334 -25.92002
1.38547 0.04166 -0.16532 -29.21734
1.38654 0.04147 -0.19099 -18.76095
1.38761 0.04125 -0.20547 -8.30457
1.38868 0.04103 -0.20876 2.15181
1.38975 0.04081 -0.20087 12.60820
1.39082 0.04061 -0.18178 23.06458
1.39189 0.04043 -0.15151 33.52096
1.39296 0.04029 -0.11005 43.97735
1.39403 0.04020 -0.05740 54.43373
1.39510 0.04017 0.02145 212.34625
1.39617 0.04030 0.22385 165.97676
1.39724 0.04063 0.37664 119.60728
1.39831 0.04109 0.47981 73.23779
1.39938 0.04164 0.53337 26.86830
1.40045 0.04222 0.53731 -19.50119
1.40152 0.04277 0.49164 -65.87067
1.40259 0.04325 0.39635 -112.24016
1.40366 0.04360 0.25144 -158.60965
1.40473 0.04377 0.05692 -204.97914
1.40580 0.04378 -0.00328 -3.74513
1.40687 0.04377 -0.00678 -2.79102
1.40794 0.04376 -0.00925 -1.83690
1.40901 0.04375 -0.01071 -0.88278
1.41008 0.04374 -0.01114 0.07134
1.41115 0.04373 -0.01056 1.02545
1.41222 0.04372 -0.00895 1.97957
1.41329 0.04371 -0.00632 2.93369
1.41436 0.04370 -0.00267 3.88780
1.41543 0.04374 0.15408 342.93175
1.41650 0.04408 0.48002 266.29341
1.41757 0.04474 0.72395 189.65506
1.41864 0.04560 0.88588 113.01672
1.41971 0.04660 0.96581 36.37838
1.42078 0.04764 0.96373 -40.25997
1.42185 0.04864 0.87965 -116.89831
1.42292 0.04949 0.71357 -193.53666
1.42399 0.05013 0.46548 -270.17500
1.42506 0.05046 0.15328 -46.25984
1.42613 0.05060 0.10914 -36.24000
1.42720 0.05070 0.07573 -26.22015
1.42827 0.05077 0.05303 -16.20031
1.42934 0.05082 0.04106 -6.18047
1.43041 0.05086 0.03981 3.83938
1.43148 0.05091 0.04927 13.85922
1.43255 0.05097 0.06946 23.87907
1.43362 0.05106 0.10038 33.89891
1.43469 0.05119 0.14201 43.91876
1.43576 0.05136 0.17398 22.89684
1.43683 0.05156 0.19747 21.00952
1.43790 0.05178 0.21894 19.12219
1.43897 0.05203 0.23839 17.23487
1.44004 0.05229 0.25583 15.34755
1.44111 0.05257 0.27124 13.46022
1.44218 0.05287 0.28463 11.57290
1.44325 0.05318 0.29600 9.68558
1.44432 0.05350 0.30536 7.79825
1.44539 0.05383 0.31792 19.22280
1.44646 0.05419 0.33718 16.77096
1.44753 0.05456 0.35381 14.31913
1.44860 0.05494 0.36782 11.86730
1.44967 0.05534 0.37921 9.41546
1.45074 0.05575 0.38797 6.96363
1.45181 0.05617 0.39411 4.51180
1.45288 0.05659 0.39763 2.05996
1.45395 0.05702 0.39852 -0.39187
1.45502 0.05745 0.39692 3.54465
1.45609 0.05787 0.40093 3.96304
1.45716 0.05830 0.40540 4.38144
1.45823 0.05874 0.41031 4.79983
1.45930 0.05918 0.41567 5.21822
1.46037 0.05963 0.42148 5.63661
1.46144 0.06008 0.42773 6.05501
1.46251 0.06055 0.43443 6.47340
1.46358 0.06101 0.44159 6.89179
1.46465 0.06149 0.44918 7.31019
1.46572 0.06197 0.45220 1.27448
1.46679 0.06246 0.45463 3.26810
1.46786 0.06295 0.45919 5.26173
1.46893 0.06344 0.46589 7.25535
1.47000 0.06395 0.47472 9.24897
1.47107 0.06446 0.48568 11.24260
1.47214 0.06499 0.49878 13.23622
1.47321 0.06553 0.51401 15.22984
1.47428 0.06609 0.53137 17.22347
1.47535 0.06666 0.53661 -19.94234
1.47642 0.06723 0.52147 -8.35885
1.47749 0.06778 0.51872 3.22464
1.47856 0.06834 0.52837 14.80813
1.47963 0.06892 0.55041 26.39162
1.48070 0.06952 0.58485 37.97511
1.48177 0.07017 0.63168 49.55860
1.48284 0.07088 0.69091 61.14209
1.48391 0.07166 0.76252 72.72559
1.48498 0.07252 0.84654 84.30908
1.48605 0.07348 0.94347 82.80848
1.48712 0.07453 1.02346 66.70293
1.48819 0.07566 1.08622 50.59739
1.48926 0.07685 1.13174 34.49184
1.49033 0.07808 1.16003 18.38630
1.49140 0.07932 1.17109 2.28075
1.49247 0.08058 1.16491 -13.82479
1.49354 0.08181 1.14150 -29.93034
1.49461 0.08301 1.10086 -46.03588
1.49568 0.08415 1.01359 -89.05720
1.49675 0.08519 0.93714 -53.84233
1.49782 0.08617 0.89837 -18.62745
1.49889 0.08713 0.89728 16.58742
1.49996 0.08810 0.93387 51.80230
1.50103 0.08914 1.00814 87.01717
1.50210 0.09027 1.12008 122.23205
1.50317 0.09155 1.26971 157.44692
1.50424 0.09300 1.45702 192.66179
1.50531 0.09468 1.69309 251.18403
1.50638 0.09663 1.93474 200.49878
1.50745 0.09880 2.12216 149.81353
1.50852 0.10115 2.25534 99.12828
1.50959 0.10361 2.33429 48.44303
1.51066 0.10613 2.35901 -2.24221
1.51173 0.10864 2.32950 -52.92746
1.51280 0.11109 2.24575 -103.61271
1.51387 0.11343 2.10776 -154.29796
1.51494 0.11558 1.91555 -204.98321
1.51601 0.11755 1.77222 -115.41534
1.51708 0.11939 1.66486 -85.25519
1.51815 0.12113 1.58977 -55.09503
1.51922 0.12280 1.54696 -24.93487
1.52029 0.12445 1.53641 5.22529
1.52136 0.12610 1.55814 35.38544
1.52243 0.12779 1.61214 65.54560
1.52350 0.12956 1.69841 95.70576
1.52457 0.13144 1.81695 125.86591
1.52564 0.13347 2.00116 182.71610
1.52671 0.13571 2.16719 127.61906
1.52778 0.13809 2.27426 72.52203
1.52885 0.14055 2.32238 17.42499
1.52992 0.14304 2.31155 -37.67205
1.53099 0.14548 2.24177 -92.76909
1.53206 0.14782 2.11303 -147.86613
1.53313 0.14998 1.92533 -202.96317
1.53420 0.15191 1.67869 -258.06021
1.53527 0.15355 1.37468 -293.01773
1.53634 0.15487 1.09206 -235.24285
1.53741 0.15591 0.87126 -177.46797
1.53848 0.15675 0.71228 -119.69309
1.53955 0.15746 0.61511 -61.91822
1.54062 0.15809 0.57977 -4.14334
1.54169 0.15872 0.60625 53.63154
1.54276 0.15941 0.69454 111.40642
1.54383 0.16023 0.84466 169.18130
1.54490 0.16124 1.05659 226.95618
1.54597 0.16246 1.20829 119.03873
1.54704 0.16381 1.31952 88.85519
1.54811 0.16527 1.39844 58.67164
1.54918 0.16680 1.44508 28.48810
1.55025 0.16835 1.45941 -1.69544
1.55132 0.16991 1.44145 -31.87899
1.55239 0.17143 1.39119 -62.06253
1.55346 0.17287 1.30863 -92.24608
1.55453 0.17421 1.19378 -122.42962
1.55560 0.17543 1.08833 -71.39689
1.55667 0.17655 1.01816 -59.75523
1.55774 0.17761 0.96045 -48.11358
1.55881 0.17861 0.91520 -36.47192
1.55988 0.17957 0.88240 -24.83027
1.56095 0.18051 0.86206 -13.18861
1.56202 0.18142 0.85418 -1.54696
1.56309 0.18234 0.85875 10.09470
1.56416 0.18327 0.87578 21.73635
1.56523 0.18422 0.89008 -32.90103
1.56630 0.18515 0.85995 -23.41591
1.56737 0.18606 0.83997 -13.93080
1.56844 0.18695 0.83013 -4.44569
1.56951 0.18784 0.83045 5.03943
1.57058 0.18873 0.84092 14.52454
1.57165 0.18964 0.86153 24.00966
1.57272 0.19058 0.89230 33.49477
1.57379 0.19156 0.93321 42.97988
1.57486 0.19258 0.98428 52.46500
1.57593 0.19364 0.99788 9.47218
1.57700 0.19472 1.01151 16.01026
1.57807 0.19581 1.03214 22.54834
1.57914 0.19693 1.05976 29.08642
1.58021 0.19808 1.09438 35.62450
1.58128 0.19927 1.13600 42.16258
1.58235 0.20052 1.18461 48.70066
1.58342 0.20181 1.24022 55.23873
1.58449 0.20317 1.30282 61.77681
1.58556 0.20459 1.32171 -17.67101
1.58663 0.20600 1.31564 6.32538
1.58770 0.20741 1.33525 30.32177
1.58877 0.20886 1.38053 54.31817
1.58984 0.21038 1.45149 78.31456
1.59091 0.21198 1.54812 102.31096
1.59198 0.21370 1.67043 126.30735
1.59305 0.21556 1.81842 150.30374
1.59412 0.21760 1.99208 174.30014
1.59519 0.21984 2.19453 209.78179
1.59626 0.22230 2.40251 178.97484
1.59733 0.22496 2.57753 148.16788
1.59840 0.22780 2.71959 117.36093
1.59947 0.23077 2.82869 86.55398
1.60054 0.23384 2.90482 55.74702
1.60161 0.23698 2.94799 24.94007
1.60268 0.24014 2.95819 -5.86688
1.60375 0.24330 2.93543 -36.67384
1.60482 0.24641 2.87971 -67.48079
1.60589 0.24928 2.44563 -397.00746
1.60696 0.25171 2.11930 -212.94001
1.60803 0.25389 1.98994 -28.87257
1.60910 0.25603 2.05752 155.19488
1.61017 0.25836 2.32205 339.26233
1.61124 0.26107 2.78354 523.32978
1.61231 0.26439 3.44198 707.39722
1.61338 0.26851 4.29737 891.46467
1.61445 0.27365 5.34971 1075.53212
1.61552 0.29757 73.46448 126361.60038
1.61659 0.44581 201.09585 112201.69279
1.61766 0.72251 313.57611 98041.78520
1.61873 1.11146 410.90527 83881.87762
1.61980 1.59645 493.08332 69721.97003
1.62087 2.16126 560.11028 55562.06245
1.62194 2.78968 611.98614 41402.15486
1.62301 3.46550 648.71089 27242.24728
1.62408 4.17252 670.28455 13082.33969
1.62515 4.89751 716.51948 260259.73580
1.62622 5.79936 956.29132 187911.91270
1.62729 6.91636 1118.65098 115564.08960
1.62836 8.16567 1203.59847 43216.26651
1.62943 9.46445 1211.13379 -29131.55659
1.63050 10.72988 1141.25694 -101479.37969
1.63157 11.87913 993.96791 -173827.20279
1.63264 12.82936 769.26672 -246175.02589
1.63371 13.49775 467.15336 -318522.84899
1.63478 13.80146 87.62783 -390870.67209
1.63585 13.56417 -564.10266 -603468.83294
1.63692 12.64404 -1128.75356 -451953.41435
1.63799 11.20646 -1531.28297 -300437.99575
1.63906 9.42491 -1771.69088 -148922.57716
1.64013 7.47287 -1849.97728 2592.84143
1.64120 5.52379 -1766.14219 154108.26003
1.64227 3.75115 -1520.18561 305623.67862
1.64334 2.32841 -1112.10752 457139.09721
1.64441 1.42906 -541.90794 608654.51581
1.64548 1.14602 -150.56426 15815.57391
1.64655 0.99397 -133.64160 15815.57391
1.64762 0.86003 -116.71894 15815.57391
1.64869 0.74419 -99.79627 15815.57391
1.64976 0.64647 -82.87361 15815.57391
1.65083 0.56685 -65.95094 15815.57391
1.65190 0.50533 -49.02828 15815.57391
1.65297 0.46192 -32.10562 15815.57391
1.65404 0.43663 -15.18295 15815.57391
1.65511 0.42935 0.16484 1486.40524
1.65618 0.43033 1.62925 1250.81784
1.65725 0.43274 2.84159 1015.23044
1.65832 0.43632 3.80184 779.64304
1.65939 0.44079 4.51002 544.05564
1.66046 0.44588 4.96612 308.46823
1.66153 0.45133 5.17014 72.88083
1.66260 0.45686 5.12209 -162.70657
1.66367 0.46220 4.82195 -398.29397
1.66474 0.46708 4.26974 -633.88137
1.66581 0.47157 4.27784 197.78435
1.66688 0.47625 4.45431 132.06029
1.66795 0.48107 4.56045 66.33623
1.66902 0.48598 4.59627 0.61218
1.67009 0.49089 4.56176 -65.11188
1.67116 0.49572 4.45693 -130.83594
1.67223 0.50040 4.28177 -196.56000
1.67330 0.50485 4.03629 -262.28405
1.67437 0.50901 3.72049 -328.00811
1.67544 0.51278 3.28783 -463.06887
1.67651 0.51605 2.85192 -351.71321
1.67758 0.51893 2.53516 -240.35755
1.67865 0.52152 2.33755 -129.00189
1.67972 0.52397 2.25910 -17.64622
1.68079 0.52640 2.29979 93.70944
1.68186 0.52893 2.45963 205.06510
1.68293 0.53171 2.73863 316.42076
1.68400 0.53484 3.13678 427.77642
1.68507 0.53846 3.65730 577.39753
1.68614 0.54268 4.20627 448.71792
1.68721 0.54741 4.61756 320.03831
1.68828 0.55251 4.89115 191.35870
1.68935 0.55783 5.02706 62.67909
1.69042 0.56322 5.02529 -66.00052
1.69149 0.56854 4.88582 -194.68013
1.69256 0.57363 4.60867 -323.35974
1.69363 0.57835 4.19383 -452.03935
1.69470 0.58255 3.64131 -580.71896
1.69577 0.58617 3.17001 -357.52891
1.69684 0.58937 2.81907 -298.42041
1.69791 0.59223 2.53139 -239.31191
1.69898 0.59481 2.30695 -180.20340
1.70005 0.59718 2.14575 -121.09490
1.70112 0.59942 2.04780 -61.98640
1.70219 0.60159 2.01310 -2.87789
1.70326 0.60375 2.04164 56.23061
1.70433 0.60598 2.13343 115.33911
1.70540 0.60832 2.16334 -141.91779
1.70647 0.61056 2.03298 -101.74532
1.70754 0.61268 1.94560 -61.57285
1.70861 0.61474 1.90121 -21.40039
1.70968 0.61677 1.89981 18.77208
1.71075 0.61882 1.94139 58.94455
1.71182 0.62094 2.02595 99.11702
1.71289 0.62317 2.15350 139.28949
1.71396 0.62556 2.32403 179.46195
1.71503 0.62816 2.53953 284.44604
1.71610 0.63103 2.81077 222.55043
1.71717 0.63415 3.01579 160.65482
1.71824 0.63746 3.15458 98.75921
1.71931 0.64088 3.22713 36.86360
1.72038 0.64434 3.23346 -25.03201
1.72145 0.64777 3.17357 -86.92762
1.72252 0.65111 3.04744 -148.82323
1.72359 0.65427 2.85508 -210.71884
1.72466 0.65719 2.59650 -272.61445
1.72573 0.65984 2.37197 -166.61465
1.72680 0.66228 2.20846 -139.01372
1.72787 0.66457 2.07448 -111.41280
1.72894 0.66673 1.97003 -83.81188
1.73001 0.66880 1.89512 -56.21096
1.73108 0.67080 1.84974 -28.61004
1.73215 0.67277 1.83389 -1.00911
1.73322 0.67474 1.84758 26.59181
1.73429 0.67673 1.89080 54.19273
1.73536 0.67879 1.95370 46.16624
1.73643 0.68090 1.99161 24.70276
1.73750 0.68304 2.00656 3.23928
1.73857 0.68519 1.99855 -18.22419
1.73964 0.68731 1.96756 -39.68767
1.74071 0.68939 1.91361 -61.15115
1.74178 0.69140 1.83670 -82.61463
1.74285 0.69331 1.73682 -104.07811
1.74392 0.69511 1.61397 -125.54159
1.74499 0.69676 1.46816 -147.00507
1.74606 0.69830 1.40397 -63.16896
1.74713 0.69976 1.33206 -71.25152
1.74820 0.70114 1.25150 -79.33407
1.74927 0.70244 1.16228 -87.41662
1.75034 0.70363 1.06442 -95.49917
1.75141 0.70471 0.95792 -103.58173
1.75248 0.70568 0.84276 -111.66428
1.75355 0.70651 0.71895 -119.74683
1.75462 0.70721 0.58650 -127.82938
1.75569 0.70776 0.44502 -124.60726
1.75676 0.70817 0.32704 -95.91995
1.75783 0.70847 0.23975 -67.23264
1.75890 0.70870 0.18316 -38.54534
1.75997 0.70888 0.15726 -9.85803
1.76104 0.70904 0.16206 18.82928
1.76211 0.70923 0.19756 47.51658
1.76318 0.70948 0.26375 76.20389
1.76425 0.70981 0.36063 104.89120
1.76532 0.71026 0.50718 180.83981
1.76639 0.71090 0.67309 129.27768
1.76746 0.71168 0.78383 77.71555
1.76853 0.71256 0.83940 26.15341
1.76960 0.71346 0.83980 -25.40872
1.77067 0.71434 0.78503 -76.97085
1.77174 0.71512 0.67508 -128.53298
1.77281 0.71576 0.50997 -180.09511
1.77388 0.71619 0.28968 -231.65724
1.77495 0.71636 0.01422 -283.21937
1.77602 0.71616 -0.37320 -324.32716
1.77709 0.71560 -0.67359 -237.13368
1.77816 0.71476 -0.88067 -149.94019
1.77923 0.71374 -0.99446 -62.74671
1.78030 0.71266 -1.01495 24.44677
1.78137 0.71161 -0.94214 111.64025
1.78244 0.71068 -0.77604 198.83373
1.78351 0.70998 -0.51664 286.02722
1.78458 0.70961 -0.16394 373.22070
1.78565 0.70957 0.00560 8.01481
1.78672 0.70958 0.01312 6.04335
1.78779 0.70960 0.01853 4.07189
1.78886 0.70962 0.02183 2.10043
1.78993 0.70965 0.02303 0.12897
1.79100 0.70967 0.02211 -1.84249
1.79207 0.70969 0.01908 -3.81395
1.79314 0.70971 0.01395 -5.78541
1.79421 0.70972 0.00670 -7.75686
1.79528 0.70971 -0.09785 -341.26859
1.79635 0.70942 -0.42948 -278.59198
1.79742 0.70881 -0.69404 -215.91537
1.79849 0.70796 -0.89154 -153.23876
1.79956 0.70693 -1.02197 -90.56215
1.80063 0.70580 -1.08534 -27.88554
1.80170 0.70463 -1.08164 34.79107
1.80277 0.70351 -1.01089 97.46768
1.80384 0.70249 -0.87306 160.14430
1.80491 0.70166 -0.66818 222.82091
1.80598 0.70099 -0.59975 46.31285
1.80705 0.70038 -0.55347 40.18642
1.80812 0.69981 -0.51375 34.06000
1.80919 0.69927 -0.48058 27.93357
1.81026 0.69877 -0.45397 21.80715
1.81133 0.69830 -0.43392 15.68072
1.81240 0.69784 -0.42042 9.55430
1.81347 0.69740 -0.41347 3.42787
1.81454 0.69696 -0.41308 -2.69855
1.81561 0.69653 -0.36055 81.55229
1.81668 0.69619 -0.28754 54.91393
1.81775 0.69590 -0.24303 28.27557
1.81882 0.69566 -0.22703 1.63720
1.81989 0.69541 -0.23953 -25.00116
1.82096 0.69513 -0.28053 -51.63952
1.82203 0.69480 -0.35004 -78.27788
1.82310 0.69437 -0.44805 -104.91625
1.82417 0.69383 -0.57456 -131.55461
1.82524 0.69313 -0.77082 -320.49746
1.82631 0.69213 -1.08250 -262.09162
1.82738 0.69083 -1.33169 -203.68577
1.82845 0.68930 -1.51839 -145.27992
1.82952 0.68761 -1.64259 -86.87407
1.83059 0.68581 -1.70430 -28.46822
1.83166 0.68398 -1.70351 29.93763
1.83273 0.68219 -1.64023 88.34347
1.83380 0.68049 -1.51446 146.74932
1.83487 0.67897 -1.32619 205.15517
1.83594 0.67759 -1.28139 20.68695
1.83701 0.67623 -1.25695 24.98539
1.83808 0.67490 -1.22792 29.28383
1.83915 0.67360 -1.19428 33.58226
1.84022 0.67234 -1.15605 37.88070
1.84129 0.67113 -1.11322 42.17914
1.84236 0.66996 -1.06579 46.47757
1.84343 0.66885 -1.01376 50.77601
1.84450 0.66779 -0.95713 55.07445
1.84557 0.66681 -0.86832 100.73200
1.84664 0.66594 -0.77235 78.64545
1.84771 0.66515 -0.70002 56.55891
1.84878 0.66443 -0.65132 34.47237
1.84985 0.66375 -0.62625 12.38582
1.85092 0.66308 -0.62481 -9.70072
1.85199 0.66240 -0.64701 -31.78727
1.85306 0.66169 -0.69283 -53.87381
1.85413 0.66091 -0.76230 -75.96035
1.85520 0.66005 -0.84808 -58.34990
1.85627 0.65911 -0.90444 -46.99990
1.85734 0.65812 -0.94865 -35.64990
1.85841 0.65708 -0.98073 -24.29990
1.85948 0.65602 -1.00066 -12.94990
1.86055 0.65495 -1.00844 -1.59990
1.86162 0.65387 -1.00408 9.75010
1.86269 0.65280 -0.98758 21.10010
1.86376 0.65176 -0.95893 32.45010
1.86483 0.65075 -0.91813 43.80009
1.86590 0.64980 -0.86078 48.25669
1.86697 0.64891 -0.81808 31.54201
1.86804 0.64805 -0.79328 14.82733
1.86911 0.64720 -0.78635 -1.88735
1.87018 0.64636 -0.79731 -18.60203
1.87125 0.64549 -0.82616 -35.31671
1.87232 0.64458 -0.87289 -52.03139
1.87339 0.64362 -0.93751 -68.74607
1.87446 0.64257 -1.02001 -85.46075
1.87553 0.64142 -1.15026 -144.66157
1.87660 0.64011 -1.28405 -105.41025
1.87767 0.63869 -1.37584 -66.15892
1.87874 0.63718 -1.42563 -26.90759
1.87981 0.63565 -1.43342 12.34373
1.88088 0.63413 -1.39921 51.59506
1.88195 0.63267 -1.32300 90.84638
1.88302 0.63131 -1.20480 130.09771
1.88409 0.63011 -1.04460 169.34903
1.88516 0.62909 -0.83509 247.10970
1.88623 0.62833 -0.60075 190.91549
1.88730 0.62779 -0.42653 134.72128
1.88837 0.62740 -0.31244 78.52707
1.88944 0.62710 -0.25848 22.33286
1.89051 0.62682 -0.26465 -33.86135
1.89158 0.62651 -0.33095 -90.05556
1.89265 0.62609 -0.45737 -146.24977
1.89372 0.62551 -0.64392 -202.44398
1.89479 0.62469 -0.89060 -258.63819
1.89586 0.62355 -1.26357 -330.08941
1.89693 0.62202 -1.56472 -232.81112
1.89800 0.62023 -1.76178 -135.53282
1.89907 0.61829 -1.85476 -38.25453
1.90014 0.61630 -1.84365 59.02377
1.90121 0.61438 -1.72845 156.30206
1.90228 0.61264 -1.50916 253.58036
1.90335 0.61119 -1.18579 350.85865
1.90442 0.61014 -0.75832 448.13694
1.90549 0.60956 -0.41558 130.73051
1.90656 0.60918 -0.29229 99.71462
1.90763 0.60892 -0.20219 68.69874
1.90870 0.60874 -0.14527 37.68285
1.90977 0.60860 -0.12155 6.66697
1.91084 0.60847 -0.13100 -24.34892
1.91191 0.60831 -0.17365 -55.36481
1.91298 0.60808 -0.24949 -86.38069
1.91405 0.60776 -0.35851 -117.39658
1.91512 0.60730 -0.49893 -130.52499
1.91619 0.60670 -0.62628 -107.50202
1.91726 0.60597 -0.72899 -84.47905
1.91833 0.60515 -0.80706 -61.45608
1.91940 0.60425 -0.86050 -38.43311
1.92047 0.60332 -0.88931 -15.41014
1.92154 0.60236 -0.89348 7.61283
1.92261 0.60141 -0.87302 30.63580
1.92368 0.60050 -0.82792 53.65877
1.92475 0.59965 -0.75819 76.68174
1.92582 0.59886 -0.73796 1.85617
1.92689 0.59807 -0.73404 5.46726
1.92796 0.59729 -0.72626 9.07835
1.92903 0.59652 -0.71461 12.68944
1.93010 0.59576 -0.69910 16.30053
1.93117 0.59502 -0.67973 19.91162
1.93224 0.59431 -0.65649 23.52271
1.93331 0.59362 -0.62939 27.13380
1.93438 0.59296 -0.59842 30.74489
1.93545 0.59234 -0.56919 21.19868
1.93652 0.59174 -0.54643 21.34308
1.93759 0.59117 -0.52351 21.48748
1.93866 0.59062 -0.50044 21.63188
1.93973 0.59010 -0.47722 21.77628
1.94080 0.58960 -0.45384 21.92068
1.94187 0.58913 -0.43031 22.06508
1.94294 0.58868 -0.40662 22.20947
1.94401 0.58826 -0.38278 22.35387
1.94508 0.58786 -0.36104 -5.33134
1.94615 0.58747 -0.36193 3.67014
1.94722 0.58709 -0.35319 12.67161
1.94829 0.58672 -0.33481 21.67309
1.94936 0.58638 -0.30681 30.67457
1.95043 0.58607 -0.26917 39.67604
1.95150 0.58580 -0.22190 48.67752
1.95257 0.58559 -0.16500 57.67900
1.95364 0.58545 -0.09847 66.68047
1.95471 0.58539 -0.02230 75.68195
1.95578 0.58547 0.22438 263.33607
1.95685 0.58585 0.47043 196.56602
1.95792 0.58646 0.64504 129.79598
1.95899 0.58721 0.74820 63.02593
1.96006 0.58803 0.77991 -3.74411
1.96113 0.58885 0.74018 -70.51416
1.96220 0.58959 0.62901 -137.28420
1.96327 0.59017 0.44640 -204.05425
1.96434 0.59052 0.19234 -270.82429
1.96541 0.59052 -0.28631 -668.46264
1.96648 0.58987 -0.91820 -512.63366
1.96755 0.58862 -1.38335 -356.80468
1.96862 0.58696 -1.68176 -200.97570
1.96969 0.58508 -1.81343 -45.14671
1.97076 0.58314 -1.77837 110.68227
1.97183 0.58133 -1.57657 266.51125
1.97290 0.57983 -1.20804 422.34023
1.97397 0.57881 -0.67277 578.16921
1.97504 0.57845 0.01032 257.05641
1.97611 0.57860 0.25623 202.58351
1.97718 0.57898 0.44385 148.11061
1.97825 0.57953 0.57319 93.63771
1.97932 0.58018 0.64424 39.16481
1.98039 0.58088 0.65700 -15.30809
1.98146 0.58157 0.61148 -69.78099
1.98253 0.58217 0.50767 -124.25389
1.98360 0.58263 0.34557 -178.72679
1.98467 0.58289 0.12519 -233.19969
1.98574 0.58295 0.03612 -11.62090
1.98681 0.58298 0.02525 -8.70204
1.98788 0.58300 0.01750 -5.78317
1.98895 0.58302 0.01287 -2.86431
1.99002 0.58303 0.01137 0.05456
1.99109 0.58304 0.01299 2.97342
1.99216 0.58306 0.01773 5.89229
1.99323 0.58308 0.02560 8.81115
1.99430 0.58312 0.03659 11.73002
1.99537 0.58318 0.16750 320.40847
1.99644 0.58354 0.48121 265.96108
1.99751 0.58419 0.73666 211.51369
1.99858 0.58509 0.93385 157.06630
1.99965 0.58617 1.07278 102.61891
2.00072 0.58737 1.15345 48.17152
2.00179 0.58862 1.17587 -6.27587
2.00286 0.58986 1.14002 -60.72326
2.00393 0.59104 1.04592 -115.17065
2.00500 0.59208 0.89356 -169.61803
