0.93500 0.01453 16.00790 -922.06925
0.93607 0.03109 14.90508 -1139.27692
0.93714 0.04635 13.56985 -1356.48458
0.93821 0.06005 12.00220 -1573.69225
0.93928 0.07195 10.20214 -1790.89991
0.94035 0.08180 8.16968 -2008.10758
0.94142 0.08935 5.90479 -2225.31524
0.94249 0.09435 3.40750 -2442.52291
0.94356 0.09656 0.67780 -2659.73057
0.94463 0.09572 -2.28432 -2876.93824
0.94570 0.09161 -5.32819 -2586.62323
0.94677 0.08456 -7.73402 -1910.26649
0.94784 0.07532 -9.41616 -1233.90975
0.94891 0.06467 -10.37459 -557.55300
0.94998 0.05338 -10.60932 118.80374
0.95105 0.04222 -10.12035 795.16048
0.95212 0.03198 -8.90768 1471.51722
0.95319 0.02342 -6.97130 2147.87396
0.95426 0.01732 -4.31123 2824.23070
0.95533 0.01428 -1.98992 173.24984
0.95640 0.01224 -1.81645 150.98791
0.95747 0.01038 -1.66681 128.72598
0.95854 0.00867 -1.54098 106.46405
0.95961 0.00708 -1.43897 84.20212
0.96068 0.00558 -1.36079 61.94019
0.96175 0.00416 -1.30642 39.67826
0.96282 0.00278 -1.27588 17.41633
0.96389 0.00142 -1.26915 -4.84560
0.96496 0.00005 -1.28625 -27.10753
0.96603 -0.00107 -0.80010 433.66375
0.96710 -0.00169 -0.37987 351.81363
0.96817 -0.00191 -0.04721 269.96351
0.96924 -0.00182 0.19786 188.11339
0.97031 -0.00152 0.35535 106.26327
0.97138 -0.00109 0.42526 24.41314
0.97245 -0.00064 0.40759 -57.43698
0.97352 -0.00025 0.30234 -139.28710
0.97459 -0.00003 0.10952 -221.13722
0.97566 0.00174 5.27670 7984.65411
0.97673 0.01197 13.83499 8012.15612
0.97780 0.03136 22.42271 8039.65812
0.97887 0.05996 31.03986 8067.16013
0.97994 0.09780 39.68643 8094.66213
0.98101 0.14490 48.36243 8122.16414
0.98208 0.20130 57.06786 8149.66615
0.98315 0.26704 65.80272 8177.16815
0.98422 0.34213 74.56700 8204.67016
0.98529 0.52482 754.62458 2260978.86952
0.98636 2.53933 2929.28749 1803811.60464
0.98743 6.61903 4614.78142 1346644.33976
0.98850 12.24050 5811.10637 889477.07488
0.98957 18.88033 6518.26236 432309.81000
0.99064 26.01511 6736.24937 -24857.45488
0.99171 33.12143 6465.06740 -482024.71976
0.99278 39.67588 5704.71647 -939191.98463
0.99385 45.15505 4455.19656 -1396359.24951
0.99492 49.03553 2716.50767 -1853526.51439
0.99599 51.55619 2097.64264 -476292.52907
0.99706 53.52705 1585.30664 -481344.86576
0.99813 54.94682 1067.56463 -486397.20244
0.99920 55.80971 544.41662 -491449.53913
1.00027 56.10994 15.86262 -496501.87582
1.00134 55.84173 -518.09739 -501554.21250
1.00241 54.99929 -1057.46340 -506606.54919
1.00348 53.57683 -1602.23541 -511658.88587
1.00455 51.56858 -2152.41341 -516711.22256
1.00562 48.70400 -3533.39339 -1714594.80196
1.00669 44.03197 -5115.04452 -1241762.45335
1.00776 37.93825 -6190.76504 -768930.10474
1.00883 30.96418 -6760.55494 -296097.75614
1.00990 23.65111 -6824.41424 176734.59247
1.01097 16.54038 -6382.34292 649566.94108
1.01204 10.17334 -5434.34098 1122399.28969
1.01311 5.09134 -3980.40844 1595231.63830
1.01418 1.83572 -2020.54528 2068063.98691
1.01525 0.87122 -172.17111 16021.29223
1.01632 0.69624 -154.84154 16370.41138
1.01739 0.53999 -137.13842 16719.53053
1.01846 0.40289 -119.06175 17068.64967
1.01953 0.28533 -100.61151 17417.76882
1.02060 0.18772 -81.78772 17766.88797
1.02167 0.11044 -62.59037 18116.00712
1.02274 0.05391 -43.01947 18465.12626
1.02381 0.01851 -23.07500 18814.24541
1.02488 0.00466 -2.75698 19163.36456
1.02595 0.00400 -0.52488 -61.03323
1.02702 0.00341 -0.57513 -32.88663
1.02809 0.00278 -0.59526 -4.74003
1.02916 0.00215 -0.58527 23.40658
1.03023 0.00154 -0.54517 51.55318
1.03130 0.00099 -0.47495 79.69978
1.03237 0.00053 -0.37461 107.84639
1.03344 0.00020 -0.24416 135.99299
1.03451 0.00002 -0.08359 164.13959
1.03558 0.00000 0.00000 0.00000
1.03665 0.00000 0.00000 0.00000
1.03772 0.00000 0.00000 0.00000
1.03879 0.00000 0.00000 0.00000
1.03986 0.00000 0.00000 0.00000
1.04093 0.00000 0.00000 0.00000
1.04200 0.00000 0.00000 0.00000
1.04307 0.00000 0.00000 0.00000
1.04414 0.00000 0.00000 0.00000
1.04521 0.00000 0.00000 0.00000
1.04628 0.00000 0.00000 0.00000
1.04735 0.00000 0.00000 0.00000
1.04842 0.00000 0.00000 0.00000
1.04949 0.00000 0.00000 0.00000
1.05056 0.00000 0.00000 0.00000
1.05163 0.00000 0.00000 0.00000
1.05270 0.00000 0.00000 0.00000
1.05377 0.00000 0.00000 0.00000
1.05484 0.00000 0.00000 0.00000
1.05591 0.00002 0.03519 36.00033
1.05698 0.00007 0.07035 29.71511
1.05805 0.00016 0.09878 23.42988
1.05912 0.00028 0.12049 17.14466
1.06019 0.00042 0.13547 10.85944
1.06126 0.00057 0.14373 4.57421
1.06233 0.00073 0.14526 -1.71101
1.06340 0.00088 0.14007 -7.99623
1.06447 0.00102 0.12815 -14.28145
1.06554 0.00158 1.67714 2843.14852
1.06661 0.00497 4.63259 2681.04418
1.06768 0.01143 7.41458 2518.93983
1.06875 0.02077 10.02312 2356.83549
1.06982 0.03281 12.45821 2194.73114
1.07089 0.04737 14.71984 2032.62680
1.07196 0.06425 16.80803 1870.52245
1.07303 0.08328 18.72276 1708.41810
1.07410 0.10426 20.46404 1546.31376
1.07517 0.12782 31.48874 56114.07329
1.07624 0.19144 85.39109 44637.97467
1.07731 0.30617 127.01401 33161.87604
1.07838 0.45887 156.35750 21685.77742
1.07945 0.63640 173.42157 10209.67879
1.08052 0.82562 178.20621 -1266.41983
1.08159 1.01338 170.71143 -12742.51845
1.08266 1.18656 150.93722 -24218.61708
1.08373 1.33201 118.88359 -35694.71570
1.08480 1.43659 74.55053 -47170.81432
1.08587 1.50104 51.24228 -15520.10702
1.08694 1.54707 34.87338 -15075.96167
1.08801 1.57584 18.97972 -14631.81632
1.08908 1.58786 3.56130 -14187.67097
1.09015 1.58363 -11.38189 -13743.52561
1.09122 1.56367 -25.84985 -13299.38026
1.09229 1.52848 -39.84257 -12855.23491
1.09336 1.47858 -53.36005 -12411.08956
1.09443 1.41446 -66.40230 -11966.94421
1.09550 1.33183 -97.73597 -46199.20008
1.09657 1.20323 -140.38972 -33527.42412
1.09764 1.03624 -169.48466 -20855.64816
1.09871 0.84537 -185.02081 -8183.87220
1.09978 0.64513 -186.99815 4487.90376
1.10085 0.45003 -175.41669 17159.67972
1.10192 0.27457 -150.27643 29831.45569
1.10299 0.13327 -111.57738 42503.23165
1.10406 0.04063 -59.31952 55175.00761
1.10513 0.01060 -2.19223 235.54695
1.10620 0.00839 -1.94175 232.63221
1.10727 0.00644 -1.69439 229.71747
1.10834 0.00476 -1.45015 226.80273
1.10941 0.00334 -1.20903 223.88799
1.11048 0.00217 -0.97103 220.97326
1.11155 0.00126 -0.73615 218.05852
1.11262 0.00060 -0.50439 215.14378
1.11369 0.00018 -0.27574 212.22904
1.11476 0.00001 -0.05022 209.31430
1.11583 -0.00000 -0.00116 -1.12825
1.11690 -0.00000 -0.00210 -0.64072
1.11797 -0.00000 -0.00253 -0.15318
1.11904 -0.00001 -0.00243 0.33435
1.12011 -0.00001 -0.00181 0.82189
1.12118 -0.00001 -0.00067 1.30943
1.12225 -0.00001 0.00099 1.79696
1.12332 -0.00001 0.00317 2.28450
1.12439 -0.00000 0.00588 2.77204
1.12546 0.00000 0.00771 0.10809
1.12653 0.00001 0.00780 0.06999
1.12760 0.00002 0.00786 0.03189
1.12867 0.00003 0.00787 -0.00622
1.12974 0.00004 0.00785 -0.04432
1.13081 0.00005 0.00778 -0.08242
1.13188 0.00005 0.00767 -0.12053
1.13295 0.00006 0.00752 -0.15863
1.13402 0.00007 0.00733 -0.19673
1.13509 0.00008 0.00696 -1.73103
1.13616 0.00008 0.00529 -1.39346
1.13723 0.00009 0.00398 -1.05589
1.13830 0.00009 0.00303 -0.71832
1.13937 0.00010 0.00244 -0.38075
1.14044 0.00010 0.00222 -0.04318
1.14151 0.00010 0.00235 0.29439
1.14258 0.00010 0.00285 0.63196
1.14365 0.00011 0.00370 0.96953
1.14472 0.00011 0.00492 1.30710
1.14579 0.00012 0.01494 11.81551
1.14686 0.00014 0.02702 10.75275
1.14793 0.00018 0.03796 9.69000
1.14900 0.00022 0.04775 8.62724
1.15007 0.00028 0.05642 7.56449
1.15114 0.00034 0.06394 6.50174
1.15221 0.00042 0.07033 5.43898
1.15328 0.00049 0.07558 4.37623
1.15435 0.00058 0.07970 3.31347
1.15542 0.00067 0.09271 25.67794
1.15649 0.00078 0.11832 22.19569
1.15756 0.00092 0.14021 18.71345
1.15863 0.00108 0.15837 15.23120
1.15970 0.00126 0.17281 11.74896
1.16077 0.00145 0.18351 8.26671
1.16184 0.00165 0.19050 4.78446
1.16291 0.00185 0.19375 1.30222
1.16398 0.00206 0.19328 -2.18003
1.16505 0.00227 0.19059 24.52070
1.16612 0.00248 0.21617 23.29145
1.16719 0.00273 0.24044 22.06220
1.16826 0.00300 0.26339 20.83295
1.16933 0.00329 0.28502 19.60370
1.17040 0.00361 0.30534 18.37445
1.17147 0.00394 0.32434 17.14520
1.17254 0.00430 0.34203 15.91595
1.17361 0.00468 0.35840 14.68670
1.17468 0.00507 0.37346 13.45745
1.17575 0.00550 0.44547 87.65297
1.17682 0.00602 0.53514 79.97072
1.17789 0.00664 0.61660 72.28847
1.17896 0.00734 0.68984 64.60621
1.18003 0.00811 0.75486 56.92396
1.18110 0.00895 0.81166 49.24171
1.18217 0.00985 0.86024 41.55946
1.18324 0.01079 0.90060 33.87721
1.18431 0.01177 0.93273 26.19496
1.18538 0.01278 0.95925 28.82109
1.18645 0.01383 0.99641 40.63144
1.18752 0.01492 1.04621 52.44179
1.18859 0.01607 1.10864 64.25214
1.18966 0.01730 1.18371 76.06249
1.19073 0.01861 1.27141 87.87284
1.19180 0.02002 1.37175 99.68319
1.19287 0.02155 1.48473 111.49354
1.19394 0.02320 1.61035 123.30389
1.19501 0.02500 1.74753 27.67053
1.19608 0.02688 1.77560 24.79868
1.19715 0.02880 1.80060 21.92683
1.19822 0.03074 1.82252 19.05498
1.19929 0.03270 1.84138 16.18314
1.20036 0.03468 1.85716 13.31129
1.20143 0.03667 1.86986 10.43944
1.20250 0.03868 1.87950 7.56759
1.20357 0.04069 1.88606 4.69575
1.20464 0.04271 1.88955 1.82390
1.20571 0.04474 1.91528 32.58630
1.20678 0.04681 1.94534 23.59682
1.20785 0.04890 1.96578 14.60733
1.20892 0.05101 1.97660 5.61785
1.20999 0.05313 1.97780 -3.37163
1.21106 0.05524 1.96938 -12.36112
1.21213 0.05734 1.95135 -21.35060
1.21320 0.05941 1.92369 -30.34008
1.21427 0.06145 1.88642 -39.32957
1.21534 0.06344 1.79642 -170.17399
1.21641 0.06527 1.62615 -148.07837
1.21748 0.06693 1.47953 -125.98275
1.21855 0.06844 1.35655 -103.88713
1.21962 0.06984 1.25721 -81.79151
1.22069 0.07114 1.18152 -59.69589
1.22176 0.07238 1.12946 -37.60027
1.22283 0.07357 1.10105 -15.50465
1.22390 0.07474 1.09628 6.59097
1.22497 0.07592 1.11516 28.68659
1.22604 0.07709 1.06283 -57.74121
1.22711 0.07819 0.99379 -71.29456
1.22818 0.07921 0.91026 -84.84792
1.22925 0.08013 0.81222 -98.40128
1.23032 0.08094 0.69968 -111.95463
1.23139 0.08163 0.57263 -125.50799
1.23246 0.08217 0.43109 -139.06134
1.23353 0.08254 0.27504 -152.61470
1.23460 0.08275 0.10449 -166.16805
1.23567 0.08276 -0.09666 -193.67029
1.23674 0.08255 -0.29391 -175.01961
1.23781 0.08213 -0.47120 -156.36892
1.23888 0.08154 -0.62854 -137.71824
1.23995 0.08080 -0.76592 -119.06756
1.24102 0.07991 -0.88334 -100.41687
1.24209 0.07891 -0.98081 -81.76619
1.24316 0.07782 -1.05832 -63.11551
1.24423 0.07666 -1.11588 -44.46483
1.24530 0.07544 -1.15585 -37.23185
1.24637 0.07418 -1.19905 -43.50878
1.24744 0.07287 -1.24896 -49.78572
1.24851 0.07151 -1.30559 -56.06265
1.24958 0.07007 -1.36893 -62.33958
1.25065 0.06857 -1.43900 -68.61652
1.25172 0.06699 -1.51577 -74.89345
1.25279 0.06533 -1.59927 -81.17039
1.25386 0.06357 -1.68948 -87.44732
1.25493 0.06171 -1.78641 -93.72425
1.25600 0.05965 -2.05677 -234.16878
1.25707 0.05733 -2.27342 -170.78330
1.25814 0.05481 -2.42224 -107.39782
1.25921 0.05217 -2.50325 -44.01234
1.26028 0.04948 -2.51643 19.37314
1.26135 0.04681 -2.46179 82.75862
1.26242 0.04424 -2.33933 146.14410
1.26349 0.04183 -2.14904 209.52958
1.26456 0.03966 -1.89093 272.91506
1.26563 0.03776 -1.71228 83.87223
1.26670 0.03598 -1.62252 83.90431
1.26777 0.03429 -1.53273 83.93639
1.26884 0.03270 -1.44290 83.96847
1.26991 0.03120 -1.35304 84.00055
1.27098 0.02980 -1.26314 84.03263
1.27205 0.02850 -1.17321 84.06472
1.27312 0.02729 -1.08324 84.09680
1.27419 0.02618 -0.99324 84.12888
1.27526 0.02516 -0.90959 59.48423
1.27633 0.02423 -0.84641 58.60836
1.27740 0.02335 -0.78417 57.73250
1.27847 0.02255 -0.72286 56.85663
1.27954 0.02181 -0.66250 55.98077
1.28061 0.02113 -0.60307 55.10490
1.28168 0.02051 -0.54457 54.22903
1.28275 0.01996 -0.48702 53.35317
1.28382 0.01947 -0.43040 52.47730
1.28489 0.01904 -0.37471 51.60143
1.28596 0.01866 -0.33010 45.76018
1.28703 0.01834 -0.27494 57.34949
1.28810 0.01808 -0.20738 68.93881
1.28917 0.01790 -0.12741 80.52812
1.29024 0.01781 -0.03505 92.11744
1.29131 0.01783 0.06972 103.70675
1.29238 0.01797 0.18689 115.29606
1.29345 0.01823 0.31645 126.88538
1.29452 0.01865 0.45842 138.47469
1.29559 0.01921 0.57029 75.16841
1.29666 0.01986 0.65136 76.36610
1.29773 0.02060 0.73371 77.56379
1.29880 0.02143 0.81735 78.76148
1.29987 0.02235 0.90226 79.95916
1.30094 0.02336 0.98846 81.15685
1.30201 0.02447 1.07594 82.35454
1.30308 0.02567 1.16470 83.55222
1.30415 0.02696 1.25474 84.74991
1.30522 0.02835 1.32938 9.96879
1.30629 0.02978 1.33995 9.79390
1.30736 0.03122 1.35034 9.61901
1.30843 0.03267 1.36054 9.44412
1.30950 0.03413 1.37055 9.26923
1.31057 0.03560 1.38037 9.09434
1.31164 0.03708 1.39001 8.91945
1.31271 0.03857 1.39946 8.74456
1.31378 0.04008 1.40873 8.56967
1.31485 0.04159 1.41780 8.39478
1.31592 0.04312 1.45128 31.42422
1.31699 0.04469 1.48042 23.04643
1.31806 0.04629 1.50060 14.66864
1.31913 0.04790 1.51182 6.29085
1.32020 0.04952 1.51406 -2.08694
1.32127 0.05114 1.50735 -10.46472
1.32234 0.05274 1.49167 -18.84251
1.32341 0.05433 1.46703 -27.22030
1.32448 0.05588 1.43342 -35.59809
1.32555 0.05738 1.34313 -127.34627
1.32662 0.05874 1.20943 -122.56837
1.32769 0.05997 1.08084 -117.79047
1.32876 0.06106 0.95736 -113.01257
1.32983 0.06202 0.83899 -108.23467
1.33090 0.06285 0.72573 -103.45677
1.33197 0.06357 0.61759 -98.67887
1.33304 0.06418 0.51456 -93.90097
1.33411 0.06468 0.41664 -89.12307
1.33518 0.06507 0.32413 -83.08505
1.33625 0.06537 0.23551 -82.56601
1.33732 0.06558 0.14744 -82.04698
1.33839 0.06569 0.05993 -81.52794
1.33946 0.06570 -0.02703 -81.00890
1.34053 0.06563 -0.11343 -80.48987
1.34160 0.06546 -0.19928 -79.97083
1.34267 0.06520 -0.28457 -79.45180
1.34374 0.06485 -0.36931 -78.93276
1.34481 0.06441 -0.45349 -78.41373
1.34588 0.06391 -0.47910 -14.10977
1.34695 0.06339 -0.49670 -18.77909
1.34802 0.06284 -0.51929 -23.44840
1.34909 0.06227 -0.54688 -28.11771
1.35016 0.06167 -0.57946 -32.78703
1.35123 0.06103 -0.61704 -37.45634
1.35230 0.06035 -0.65962 -42.12565
1.35337 0.05962 -0.70719 -46.79497
1.35444 0.05883 -0.75976 -51.46428
1.35551 0.05799 -0.81360 -45.17510
1.35658 0.05710 -0.85623 -34.50085
1.35765 0.05616 -0.88743 -23.82659
1.35872 0.05520 -0.90722 -13.15234
1.35979 0.05423 -0.91558 -2.47808
1.36086 0.05325 -0.91252 8.19617
1.36193 0.05228 -0.89804 18.87043
1.36300 0.05133 -0.87214 29.54468
1.36407 0.05041 -0.83481 40.21894
1.36514 0.04955 -0.79815 -34.67066
1.36621 0.04868 -0.82382 -13.32807
1.36728 0.04779 -0.82667 8.01452
1.36835 0.04691 -0.80667 29.35711
1.36942 0.04607 -0.76384 50.69970
1.37049 0.04529 -0.69818 72.04229
1.37156 0.04459 -0.60967 93.38488
1.37263 0.04399 -0.49833 114.72747
1.37370 0.04353 -0.36416 136.07006
1.37477 0.04322 -0.20714 157.41265
1.37584 0.04304 -0.16131 10.02819
1.37691 0.04287 -0.15168 7.96282
1.37798 0.04271 -0.14427 5.89744
1.37905 0.04256 -0.13906 3.83207
1.38012 0.04241 -0.13606 1.76670
1.38119 0.04227 -0.13528 -0.29867
1.38226 0.04212 -0.13670 -2.36404
1.38333 0.04198 -0.14034 -4.42941
1.38440 0.04182 -0.14618 -6.49479
1.38547 0.04166 -0.15303 -5.21592
1.38654 0.04150 -0.15782 -3.73505
1.38761 0.04133 -0.16102 -2.25418
1.38868 0.04115 -0.16264 -0.77330
1.38975 0.04098 -0.16268 0.70757
1.39082 0.04080 -0.16113 2.18844
1.39189 0.04063 -0.15800 3.66931
1.39296 0.04047 -0.15328 5.15018
1.39403 0.04031 -0.14697 6.63105
1.39510 0.04015 -0.11687 228.25375
1.39617 0.04015 0.10469 185.87882
1.39724 0.04036 0.28091 143.50388
1.39831 0.04074 0.41179 101.12894
1.39938 0.04123 0.49733 58.75400
1.40045 0.04178 0.53752 16.37907
1.40152 0.04236 0.53238 -25.99587
1.40259 0.04291 0.48189 -68.37081
1.40366 0.04338 0.38607 -110.74575
1.40473 0.04372 0.24490 -153.12068
1.40580 0.04390 0.10240 -113.35331
1.40687 0.04395 -0.00274 -83.17728
1.40794 0.04390 -0.07559 -53.00125
1.40901 0.04380 -0.11616 -22.82522
1.41008 0.04367 -0.12444 7.35081
1.41115 0.04354 -0.10043 37.52684
1.41222 0.04346 -0.04413 67.70286
1.41329 0.04346 0.04445 97.87889
1.41436 0.04357 0.16533 128.05492
1.41543 0.04384 0.36173 241.11035
1.41650 0.04435 0.58881 183.34495
1.41757 0.04507 0.75408 125.57954
1.41864 0.04594 0.85755 67.81414
1.41971 0.04689 0.89921 10.04873
1.42078 0.04784 0.87905 -47.71668
1.42185 0.04875 0.79709 -105.48208
1.42292 0.04953 0.65332 -163.24749
1.42399 0.05012 0.44774 -221.01289
1.42506 0.05046 0.19247 -74.73779
1.42613 0.05063 0.12141 -58.08371
1.42720 0.05073 0.06817 -41.42963
1.42827 0.05078 0.03275 -24.77554
1.42934 0.05081 0.01515 -8.12146
1.43041 0.05082 0.01537 8.53262
1.43148 0.05085 0.03341 25.18671
1.43255 0.05090 0.06927 41.84079
1.43362 0.05100 0.12295 58.49488
1.43469 0.05117 0.19445 75.14896
1.43576 0.05140 0.21384 -4.58634
1.43683 0.05162 0.21126 -0.23731
1.43790 0.05185 0.21333 4.11171
1.43897 0.05208 0.22006 8.46074
1.44004 0.05232 0.23144 12.80976
1.44111 0.05258 0.24747 17.15879
1.44218 0.05286 0.26816 21.50781
1.44325 0.05316 0.29350 25.85683
1.44432 0.05348 0.32349 30.20586
1.44539 0.05385 0.34678 4.69522
1.44646 0.05422 0.35197 5.00062
1.44753 0.05460 0.35748 5.30603
1.44860 0.05499 0.36332 5.61144
1.44967 0.05538 0.36949 5.91685
1.45074 0.05578 0.37598 6.22226
1.45181 0.05618 0.38280 6.52766
1.45288 0.05660 0.38995 6.83307
1.45395 0.05702 0.39743 7.13848
1.45502 0.05745 0.40514 2.93017
1.45609 0.05788 0.40832 3.01528
1.45716 0.05832 0.41159 3.10039
1.45823 0.05876 0.41495 3.18550
1.45930 0.05921 0.41841 3.27060
1.46037 0.05966 0.42195 3.35571
1.46144 0.06011 0.42559 3.44082
1.46251 0.06057 0.42932 3.52593
1.46358 0.06103 0.43313 3.61104
1.46465 0.06150 0.43704 3.69614
1.46572 0.06197 0.44858 13.56956
1.46679 0.06246 0.46206 11.62836
1.46786 0.06296 0.47347 9.68716
1.46893 0.06347 0.48279 7.74595
1.47000 0.06399 0.49004 5.80475
1.47107 0.06452 0.49522 3.86355
1.47214 0.06505 0.49831 1.92235
1.47321 0.06558 0.49933 -0.01886
1.47428 0.06612 0.49827 -1.96006
1.47535 0.06665 0.48316 -34.48770
1.47642 0.06715 0.45708 -14.25386
1.47749 0.06763 0.45266 5.97999
1.47856 0.06812 0.46988 26.21384
1.47963 0.06864 0.50875 46.44769
1.48070 0.06922 0.56928 66.68153
1.48177 0.06987 0.65145 86.91538
1.48284 0.07062 0.75528 107.14923
1.48391 0.07149 0.88075 127.38307
1.48498 0.07251 1.02788 147.61692
1.48605 0.07363 1.05484 20.81811
1.48712 0.07477 1.07489 16.64766
1.48819 0.07593 1.09047 12.47722
1.48926 0.07710 1.10159 8.30678
1.49033 0.07828 1.10824 4.13634
1.49140 0.07947 1.11044 -0.03410
1.49247 0.08066 1.10817 -4.20455
1.49354 0.08184 1.10144 -8.37499
1.49461 0.08301 1.09025 -12.54543
1.49568 0.08417 1.07755 -10.06379
1.49675 0.08532 1.06843 -6.97030
1.49782 0.08646 1.06263 -3.87682
1.49889 0.08760 1.06014 -0.78333
1.49996 0.08873 1.06095 2.31016
1.50103 0.08987 1.06508 5.40365
1.50210 0.09101 1.07252 8.49714
1.50317 0.09216 1.08327 11.59063
1.50424 0.09333 1.09732 14.68411
1.50531 0.09454 1.25667 462.31844
1.50638 0.09613 1.70333 372.55819
1.50745 0.09815 2.05394 282.79795
1.50852 0.10049 2.30851 193.03771
1.50959 0.10305 2.46704 103.27747
1.51066 0.10573 2.52953 13.51722
1.51173 0.10843 2.49597 -76.24302
1.51280 0.11104 2.36637 -166.00326
1.51387 0.11346 2.14072 -255.76351
1.51494 0.11559 1.81903 -345.52375
1.51601 0.11747 1.72293 -66.34555
1.51708 0.11928 1.66116 -49.11155
1.51815 0.12104 1.61783 -31.87756
1.51922 0.12275 1.59294 -14.64356
1.52029 0.12445 1.58649 2.59043
1.52136 0.12615 1.59848 19.82443
1.52243 0.12788 1.62891 37.05843
1.52350 0.12965 1.67779 54.29242
1.52457 0.13148 1.74510 71.52642
1.52564 0.13342 1.92192 208.62569
1.52671 0.13558 2.11426 150.88919
1.52778 0.13792 2.24482 93.15269
1.52885 0.14036 2.31360 35.41618
1.52992 0.14285 2.32061 -22.32032
1.53099 0.14531 2.26584 -80.05682
1.53206 0.14768 2.14929 -137.79332
1.53313 0.14989 1.97096 -195.52983
1.53420 0.15187 1.73086 -253.26633
1.53527 0.15357 1.41716 -338.64923
1.53634 0.15490 1.09218 -268.79287
1.53741 0.15593 0.84194 -198.93651
1.53848 0.15673 0.66645 -129.08014
1.53955 0.15738 0.56571 -59.22378
1.54062 0.15797 0.53972 10.63258
1.54169 0.15856 0.58847 80.48894
1.54276 0.15925 0.71196 150.34531
1.54383 0.16011 0.91020 220.20167
1.54490 0.16123 1.18319 290.05803
1.54597 0.16258 1.32151 97.61192
1.54704 0.16404 1.40855 65.08895
1.54811 0.16558 1.46080 32.56599
1.54918 0.16716 1.47825 0.04303
1.55025 0.16873 1.46089 -32.47993
1.55132 0.17027 1.40874 -65.00289
1.55239 0.17173 1.32179 -97.52586
1.55346 0.17309 1.20003 -130.04882
1.55453 0.17429 1.04348 -162.57178
1.55560 0.17534 0.95853 -8.55640
1.55667 0.17636 0.94954 -8.25099
1.55774 0.17737 0.94087 -7.94559
1.55881 0.17837 0.93253 -7.64018
1.55988 0.17937 0.92452 -7.33477
1.56095 0.18035 0.91684 -7.02936
1.56202 0.18133 0.90948 -6.72395
1.56309 0.18230 0.90245 -6.41854
1.56416 0.18326 0.89574 -6.11313
1.56523 0.18421 0.88776 -12.50048
1.56630 0.18516 0.87596 -9.55500
1.56737 0.18609 0.86731 -6.60953
1.56844 0.18702 0.86182 -3.66405
1.56951 0.18794 0.85947 -0.71858
1.57058 0.18886 0.86028 2.22690
1.57165 0.18978 0.86424 5.17237
1.57272 0.19071 0.87135 8.11785
1.57379 0.19164 0.88161 11.06332
1.57486 0.19259 0.89502 14.00880
1.57593 0.19358 0.95958 63.35586
1.57700 0.19464 1.02254 54.33611
1.57807 0.19577 1.07586 45.31636
1.57914 0.19694 1.11952 36.29661
1.58021 0.19816 1.15353 27.27686
1.58128 0.19941 1.17789 18.25712
1.58235 0.20068 1.19260 9.23737
1.58342 0.20196 1.19766 0.21762
1.58449 0.20324 1.19307 -8.80213
1.58556 0.20451 1.18662 5.38340
1.58663 0.20579 1.20655 31.87726
1.58770 0.20710 1.25483 58.37112
1.58877 0.20848 1.33146 84.86499
1.58984 0.20996 1.43644 111.35885
1.59091 0.21157 1.56977 137.85272
1.59198 0.21333 1.73145 164.34658
1.59305 0.21528 1.92147 190.84045
1.59412 0.21745 2.13985 217.33431
1.59519 0.21987 2.37137 159.15597
1.59626 0.22249 2.52761 132.88248
1.59733 0.22527 2.65574 106.60899
1.59840 0.22817 2.75576 80.33550
1.59947 0.23116 2.82766 54.06202
1.60054 0.23421 2.87145 27.78853
1.60161 0.23729 2.88713 1.51504
1.60268 0.24038 2.87469 -24.75844
1.60375 0.24343 2.83414 -51.03193
1.60482 0.24643 2.76548 -77.30542
1.60589 0.24939 2.79260 46.53843
1.60696 0.25241 2.84238 46.51875
1.60803 0.25548 2.89215 46.49906
1.60910 0.25860 2.94189 46.47938
1.61017 0.26177 2.99161 46.45970
1.61124 0.26500 3.04131 46.44002
1.61231 0.26828 3.09099 46.42034
1.61338 0.27162 3.14065 46.40066
1.61445 0.27500 3.19029 46.38098
1.61552 0.30007 85.42553 152307.89068
1.61659 0.47412 235.65191 128489.07975
1.61766 0.79528 360.39216 104670.26882
1.61873 1.23627 459.64628 80851.45788
1.61980 1.76983 533.41428 57032.64695
1.62087 2.36869 581.69615 33213.83601
1.62194 3.00557 604.49189 9395.02508
1.62301 3.65321 601.80150 -14423.78585
1.62408 4.28433 573.62499 -38242.59679
1.62515 4.87534 568.63688 259742.04874
1.62622 5.62059 813.25993 197497.30012
1.62729 6.59196 991.28110 135252.55151
1.62836 7.71818 1102.70039 73007.80290
1.62943 8.92798 1147.51780 10763.05428
1.63050 10.15011 1125.73332 -51481.69433
1.63157 11.31330 1037.34697 -113726.44295
1.63264 12.34628 882.35874 -175971.19156
1.63371 13.17779 660.76862 -238215.94018
1.63478 13.73657 372.57662 -300460.68879
1.63585 13.77893 -361.40384 -715219.38101
1.63692 13.01588 -1033.93209 -541842.76395
1.63799 11.63248 -1520.94736 -368466.14688
1.63906 9.82722 -1822.44964 -195089.52982
1.64013 7.79860 -1938.43895 -21712.91276
1.64120 5.74513 -1868.91528 151663.70430
1.64227 3.86529 -1613.87862 325040.32136
1.64334 2.35759 -1173.32899 498416.93842
1.64441 1.42053 -547.26638 671793.55548
1.64548 1.16136 -122.01924 1996.96309
1.64655 1.03242 -118.53255 4520.22089
1.64762 0.90866 -112.34597 7043.47869
1.64869 0.79297 -103.45951 9566.73649
1.64976 0.68822 -91.87315 12089.99429
1.65083 0.59732 -77.58692 14613.25209
1.65190 0.52315 -60.60079 17136.50989
1.65297 0.46860 -40.91479 19659.76769
1.65404 0.43656 -18.52889 22183.02548
1.65511 0.42976 3.84570 -69.34109
1.65618 0.43384 3.78488 -44.32646
1.65725 0.43787 3.75084 -19.31182
1.65832 0.44188 3.74356 5.70282
1.65939 0.44589 3.76304 30.71746
1.66046 0.44994 3.80929 55.73209
1.66153 0.45405 3.88231 80.74673
1.66260 0.45826 3.98209 105.76137
1.66367 0.46258 4.10864 130.77601
1.66474 0.46706 4.26195 155.79064
1.66581 0.47168 4.34905 48.95175
1.66688 0.47636 4.39069 28.88903
1.66795 0.48107 4.41087 8.82630
1.66902 0.48579 4.40958 -11.23643
1.67009 0.49049 4.38682 -31.29916
1.67116 0.49517 4.34260 -51.36189
1.67223 0.49978 4.27691 -71.42462
1.67330 0.50431 4.18975 -91.48735
1.67437 0.50874 4.08113 -111.55008
1.67544 0.51299 3.71813 -628.98858
1.67651 0.51663 3.11751 -493.65995
1.67758 0.51971 2.66170 -358.33132
1.67865 0.52238 2.35069 -223.00269
1.67972 0.52479 2.18447 -87.67407
1.68079 0.52710 2.16306 47.65456
1.68186 0.52947 2.28645 182.98319
1.68293 0.53205 2.55465 318.31182
1.68400 0.53499 2.96764 453.64045
1.68507 0.53845 3.53948 779.05290
1.68614 0.54265 4.27348 592.91399
1.68721 0.54753 4.80832 406.77509
1.68828 0.55287 5.14398 220.63619
1.68935 0.55846 5.28048 34.49728
1.69042 0.56410 5.21780 -151.64162
1.69149 0.56956 4.95596 -337.78053
1.69256 0.57463 4.49495 -523.91943
1.69363 0.57911 3.83478 -710.05834
1.69470 0.58277 2.97543 -896.19724
1.69577 0.58567 2.63706 -77.91461
1.69684 0.58845 2.55695 -71.83032
1.69791 0.59115 2.48335 -65.74603
1.69898 0.59377 2.41625 -59.66175
1.70005 0.59632 2.35567 -53.57746
1.70112 0.59881 2.30160 -47.49317
1.70219 0.60125 2.25403 -41.40888
1.70326 0.60364 2.21298 -35.32459
1.70433 0.60599 2.17844 -29.24030
1.70540 0.60830 2.12823 -75.87429
1.70647 0.61053 2.05811 -55.19764
1.70754 0.61271 2.01011 -34.52099
1.70861 0.61484 1.98423 -13.84434
1.70968 0.61696 1.98048 6.83231
1.71075 0.61909 1.99885 27.50896
1.71182 0.62125 2.03935 48.18561
1.71289 0.62346 2.10197 68.86226
1.71396 0.62575 2.18671 89.53890
1.71503 0.62815 2.30395 453.98696
1.71610 0.63086 2.73556 352.76697
1.71717 0.63397 3.05887 251.54698
1.71824 0.63736 3.27387 150.32699
1.71931 0.64093 3.38057 49.10700
1.72038 0.64456 3.37896 -52.11299
1.72145 0.64813 3.26905 -153.33298
1.72252 0.65152 3.05083 -254.55297
1.72359 0.65462 2.72430 -355.77296
1.72466 0.65731 2.28947 -456.99296
1.72573 0.65960 2.10369 -33.04556
1.72680 0.66184 2.07008 -29.77687
1.72787 0.66403 2.03997 -26.50818
1.72894 0.66620 2.01335 -23.23948
1.73001 0.66834 1.99023 -19.97079
1.73108 0.67046 1.97061 -16.70210
1.73215 0.67256 1.95449 -13.43340
1.73322 0.67465 1.94187 -10.16471
1.73429 0.67672 1.93274 -6.89602
1.73536 0.67878 1.92810 -2.04033
1.73643 0.68085 1.92399 -5.64021
1.73750 0.68290 1.91603 -9.24008
1.73857 0.68494 1.90421 -12.83996
1.73964 0.68697 1.88855 -16.43984
1.74071 0.68898 1.86903 -20.03972
1.74178 0.69097 1.84566 -23.63959
1.74285 0.69293 1.81844 -27.23947
1.74392 0.69486 1.78737 -30.83935
1.74499 0.69676 1.75245 -34.43923
1.74606 0.69854 1.58228 -155.90325
1.74713 0.70015 1.42012 -147.20563
1.74820 0.70158 1.26726 -138.50800
1.74927 0.70286 1.12371 -129.81037
1.75034 0.70399 0.98947 -121.11275
1.75141 0.70498 0.86453 -112.41512
1.75248 0.70584 0.74890 -103.71750
1.75355 0.70659 0.64257 -95.01987
1.75462 0.70722 0.54555 -86.32224
1.75569 0.70775 0.43260 -109.15520
1.75676 0.70815 0.32884 -84.77642
1.75783 0.70846 0.25118 -60.39765
1.75890 0.70870 0.19959 -36.01887
1.75997 0.70890 0.17410 -11.64009
1.76104 0.70908 0.17468 12.73868
1.76211 0.70928 0.20136 37.11746
1.76318 0.70952 0.25412 61.49623
1.76425 0.70984 0.33296 85.87501
1.76532 0.71025 0.45835 164.19354
1.76639 0.71083 0.61125 121.60103
1.76746 0.71154 0.71858 79.00852
1.76853 0.71235 0.78033 36.41601
1.76960 0.71319 0.79651 -6.17650
1.77067 0.71404 0.76711 -48.76902
1.77174 0.71482 0.69214 -91.36153
1.77281 0.71550 0.57160 -133.95404
1.77388 0.71603 0.40548 -176.54655
1.77495 0.71635 0.19379 -219.13906
1.77602 0.71634 -0.21537 -350.96872
1.77709 0.71592 -0.54671 -268.36135
1.77816 0.71520 -0.78966 -185.75398
1.77923 0.71426 -0.94422 -103.14661
1.78030 0.71321 -1.01039 -20.53924
1.78137 0.71213 -0.98817 62.06813
1.78244 0.71113 -0.87757 144.67550
1.78351 0.71029 -0.67857 227.28287
1.78458 0.70971 -0.39118 309.89024
1.78565 0.70945 -0.12164 187.76174
1.78672 0.70942 0.05071 134.38910
1.78779 0.70954 0.16596 81.01646
1.78886 0.70975 0.22409 27.64382
1.78993 0.71000 0.22511 -25.72881
1.79100 0.71021 0.16903 -79.10145
1.79207 0.71034 0.05584 -132.47409
1.79314 0.71031 -0.11446 -185.84673
1.79421 0.71007 -0.34187 -239.21937
1.79528 0.70956 -0.59066 -153.38505
1.79635 0.70885 -0.73598 -118.25238
1.79742 0.70800 -0.84372 -83.11972
1.79849 0.70706 -0.91386 -47.98705
1.79956 0.70606 -0.94641 -12.85438
1.80063 0.70505 -0.94137 22.27828
1.80170 0.70406 -0.89873 57.41095
1.80277 0.70314 -0.81851 92.54361
1.80384 0.70232 -0.70069 127.67628
1.80491 0.70165 -0.54528 162.80895
1.80598 0.70109 -0.51877 11.51838
1.80705 0.70054 -0.50697 10.53729
1.80812 0.70000 -0.49622 9.55620
1.80919 0.69948 -0.48652 8.57511
1.81026 0.69896 -0.47787 7.59401
1.81133 0.69845 -0.47027 6.61292
1.81240 0.69796 -0.46372 5.63183
1.81347 0.69746 -0.45821 4.65074
1.81454 0.69697 -0.45376 3.66965
1.81561 0.69651 -0.38928 94.86030
1.81668 0.69614 -0.30326 65.91987
1.81775 0.69585 -0.24821 36.97945
1.81882 0.69560 -0.22412 8.03902
1.81989 0.69536 -0.23100 -20.90140
1.82096 0.69509 -0.26885 -49.84183
1.82203 0.69477 -0.33766 -78.78225
1.82310 0.69436 -0.43744 -107.72268
1.82417 0.69383 -0.56819 -136.66310
1.82524 0.69313 -0.77260 -333.20960
1.82631 0.69212 -1.09558 -270.50249
1.82738 0.69081 -1.35147 -207.79538
1.82845 0.68926 -1.54026 -145.08826
1.82952 0.68754 -1.66196 -82.38115
1.83059 0.68572 -1.71656 -19.67404
1.83166 0.68389 -1.70406 43.03308
1.83273 0.68210 -1.62447 105.74019
1.83380 0.68043 -1.47778 168.44730
1.83487 0.67896 -1.26399 231.15442
1.83594 0.67763 -1.24201 -4.79430
1.83701 0.67630 -1.24188 5.02954
1.83808 0.67498 -1.23125 14.85338
1.83915 0.67367 -1.21010 24.67722
1.84022 0.67239 -1.17844 34.50106
1.84129 0.67116 -1.13627 44.32490
1.84236 0.66997 -1.08358 54.14874
1.84343 0.66884 -1.02039 63.97258
1.84450 0.66779 -0.94668 73.79641
1.84557 0.66682 -0.84421 106.15982
1.84664 0.66598 -0.74441 80.38752
1.84771 0.66522 -0.67218 54.61522
1.84878 0.66453 -0.62753 28.84293
1.84985 0.66387 -0.61046 3.07063
1.85092 0.66321 -0.62096 -22.70167
1.85199 0.66253 -0.65904 -48.47396
1.85306 0.66179 -0.72469 -74.24626
1.85413 0.66097 -0.81793 -100.01856
1.85520 0.66003 -0.91931 -25.73401
1.85627 0.65904 -0.94388 -20.20399
1.85734 0.65802 -0.96254 -14.67398
1.85841 0.65698 -0.97529 -9.14397
1.85948 0.65593 -0.98211 -3.61396
1.86055 0.65488 -0.98302 1.91605
1.86162 0.65383 -0.97801 7.44606
1.86269 0.65279 -0.96709 12.97607
1.86376 0.65176 -0.95024 18.50608
1.86483 0.65076 -0.92748 24.03609
1.86590 0.64978 -0.89448 29.04702
1.86697 0.64884 -0.86722 21.90409
1.86804 0.64792 -0.84760 14.76117
1.86911 0.64702 -0.83563 7.61824
1.87018 0.64613 -0.83130 0.47532
1.87125 0.64524 -0.83461 -6.66761
1.87232 0.64434 -0.84557 -13.81053
1.87339 0.64343 -0.86417 -20.95346
1.87446 0.64249 -0.89041 -28.09638
1.87553 0.64150 -1.00524 -176.53647
1.87660 0.64033 -1.17324 -137.47657
1.87767 0.63900 -1.29944 -98.41667
1.87874 0.63756 -1.38385 -59.35677
1.87981 0.63606 -1.42647 -20.29687
1.88088 0.63453 -1.42729 18.76303
1.88195 0.63302 -1.38631 57.82293
1.88302 0.63157 -1.30355 96.88282
1.88409 0.63024 -1.17899 135.94272
1.88516 0.62907 -0.99197 296.61152
1.88623 0.62816 -0.70764 234.84397
1.88730 0.62753 -0.48940 173.07641
1.88837 0.62709 -0.33725 111.30885
1.88944 0.62678 -0.25120 49.54130
1.89051 0.62653 -0.23124 -12.22626
1.89158 0.62627 -0.27736 -73.99381
1.89265 0.62592 -0.38958 -135.76137
1.89372 0.62541 -0.56789 -197.52893
1.89479 0.62468 -0.81229 -259.29648
1.89586 0.62361 -1.18148 -328.40704
1.89693 0.62218 -1.48484 -238.60982
1.89800 0.62047 -1.69211 -148.81259
1.89907 0.61859 -1.80330 -59.01537
1.90014 0.61665 -1.81840 30.78186
1.90121 0.61474 -1.73742 120.57908
1.90228 0.61296 -1.56036 210.37630
1.90335 0.61143 -1.28722 300.17353
1.90442 0.61024 -0.91799 389.97075
1.90549 0.60948 -0.54941 247.95105
1.90656 0.60902 -0.31646 187.46763
1.90763 0.60878 -0.14823 126.98420
1.90870 0.60868 -0.04472 66.50078
1.90977 0.60866 -0.00592 6.01735
1.91084 0.60864 -0.03184 -54.46607
1.91191 0.60857 -0.12248 -114.94950
1.91298 0.60836 -0.27783 -175.43292
1.91405 0.60795 -0.49790 -235.91635
1.91512 0.60727 -0.75130 -30.99872
1.91619 0.60645 -0.78046 -23.50726
1.91726 0.60561 -0.80161 -16.01580
1.91833 0.60474 -0.81474 -8.52434
1.91940 0.60386 -0.81985 -1.03288
1.92047 0.60299 -0.81695 6.45858
1.92154 0.60212 -0.80603 13.95004
1.92261 0.60127 -0.78709 21.44150
1.92368 0.60044 -0.76014 28.93296
1.92475 0.59964 -0.72518 36.42442
1.92582 0.59887 -0.71678 -0.15243
1.92689 0.59811 -0.71558 2.39860
1.92796 0.59734 -0.71164 4.94963
1.92903 0.59659 -0.70498 7.50066
1.93010 0.59584 -0.69559 10.05169
1.93117 0.59510 -0.68347 12.60272
1.93224 0.59438 -0.66862 15.15375
1.93331 0.59367 -0.65104 17.70478
1.93438 0.59298 -0.63073 20.25581
1.93545 0.59232 -0.59621 46.46525
1.93652 0.59171 -0.54988 40.12819
1.93759 0.59114 -0.51033 33.79112
1.93866 0.59062 -0.47757 27.45406
1.93973 0.59012 -0.45158 21.11700
1.94080 0.58965 -0.43238 14.77994
1.94187 0.58919 -0.41995 8.44288
1.94294 0.58875 -0.41431 2.10582
1.94401 0.58830 -0.41545 -4.23124
1.94508 0.58785 -0.41844 51.06942
1.94615 0.58743 -0.36672 45.59621
1.94722 0.58707 -0.32086 40.12301
1.94829 0.58675 -0.28086 34.64981
1.94936 0.58646 -0.24671 29.17660
1.95043 0.58622 -0.21842 23.70340
1.95150 0.58599 -0.19599 18.23019
1.95257 0.58579 -0.17941 12.75699
1.95364 0.58561 -0.16869 7.28379
1.95471 0.58543 -0.16382 1.81058
1.95578 0.58537 0.11295 325.59064
1.95685 0.58566 0.41899 246.43627
1.95792 0.58623 0.64033 167.28190
1.95899 0.58700 0.77697 88.12753
1.96006 0.58787 0.82892 8.97316
1.96113 0.58874 0.79617 -70.18122
1.96220 0.58954 0.67873 -149.33559
1.96327 0.59017 0.47660 -228.48996
1.96434 0.59053 0.18976 -307.64433
1.96541 0.59051 -0.32030 -678.56429
1.96648 0.58981 -0.95987 -516.88624
1.96755 0.58852 -1.42644 -355.20819
1.96862 0.58682 -1.72002 -193.53015
1.96969 0.58490 -1.84060 -31.85210
1.97076 0.58294 -1.78818 129.82595
1.97183 0.58114 -1.56277 291.50400
1.97290 0.57966 -1.16436 453.18204
1.97397 0.57871 -0.59296 614.86009
1.97504 0.57845 0.12792 184.79959
1.97611 0.57869 0.30488 145.97281
1.97718 0.57909 0.44030 107.14604
1.97825 0.57962 0.53418 68.31927
1.97932 0.58022 0.58651 29.49249
1.98039 0.58086 0.59729 -9.33428
1.98146 0.58148 0.56653 -48.16106
1.98253 0.58205 0.49423 -86.98783
1.98360 0.58253 0.38038 -125.81461
1.98467 0.58285 0.22498 -164.64138
1.98574 0.58301 0.09034 -96.28477
1.98681 0.58306 0.00213 -68.60107
1.98788 0.58303 -0.05647 -40.91737
1.98895 0.58295 -0.08544 -13.23366
1.99002 0.58286 -0.08479 14.45004
1.99109 0.58278 -0.05451 42.13374
1.99216 0.58275 0.00538 69.81744
1.99323 0.58280 0.09490 97.50114
1.99430 0.58296 0.21403 125.18484
1.99537 0.58327 0.36183 143.80642
1.99644 0.58374 0.51054 134.16722
1.99751 0.58436 0.64894 124.52802
1.99858 0.58512 0.77703 114.88882
1.99965 0.58602 0.89481 105.24962
2.00072 0.58703 1.00227 95.61042
2.00179 0.58816 1.09941 85.97122
2.00286 0.58938 1.18624 76.33202
2.00393 0.59069 1.26276 66.69282
2.00500 0.59208 1.32897 57.05361
