0.93500 0.01453 8.01426 0.00000
0.93607 0.02311 8.01426 0.00000
0.93714 0.03168 8.01426 0.00000
0.93821 0.04026 8.01426 0.00000
0.93928 0.04883 8.01426 0.00000
0.94035 0.05741 8.01426 0.00000
0.94142 0.06598 8.01426 0.00000
0.94249 0.07456 8.01426 0.00000
0.94356 0.08313 8.01426 0.00000
0.94463 0.09171 8.01426 0.00000
0.94570 0.08909 -7.97303 0.00000
0.94677 0.08056 -7.97303 0.00000
0.94784 0.07203 -7.97303 0.00000
0.94891 0.06350 -7.97303 0.00000
0.94998 0.05497 -7.97303 0.00000
0.95105 0.04644 -7.97303 0.00000
0.95212 0.03791 -7.97303 0.00000
0.95319 0.02938 -7.97303 0.00000
0.95426 0.02084 -7.97303 0.00000
0.95533 0.01445 -1.49441 0.00000
0.95640 0.01285 -1.49441 0.00000
0.95747 0.01125 -1.49441 0.00000
0.95854 0.00965 -1.49441 0.00000
0.95961 0.00805 -1.49441 0.00000
0.96068 0.00646 -1.49441 0.00000
0.96175 0.00486 -1.49441 0.00000
0.96282 0.00326 -1.49441 0.00000
0.96389 0.00166 -1.49441 0.00000
0.96496 0.00006 -1.49441 0.00000
0.96603 0.00000 0.00000 0.00000
0.96710 0.00000 0.00000 0.00000
0.96817 0.00000 0.00000 0.00000
0.96924 0.00000 0.00000 0.00000
0.97031 0.00000 0.00000 0.00000
0.97138 0.00000 0.00000 0.00000
0.97245 0.00000 0.00000 0.00000
0.97352 0.00000 0.00000 0.00000
0.97459 0.00000 0.00000 0.00000
0.97566 0.02658 40.27925 0.00000
0.97673 0.06968 40.27925 0.00000
0.97780 0.11278 40.27925 0.00000
0.97887 0.15588 40.27925 0.00000
0.97994 0.19898 40.27925 0.00000
0.98101 0.24208 40.27925 0.00000
0.98208 0.28518 40.27925 0.00000
0.98315 0.32828 40.27925 0.00000
0.98422 0.37137 40.27925 0.00000
0.98529 1.81927 4884.40911 0.00000
0.98636 7.04559 4884.40911 0.00000
0.98743 12.27191 4884.40911 0.00000
0.98850 17.49822 4884.40911 0.00000
0.98957 22.72454 4884.40911 0.00000
0.99064 27.95086 4884.40911 0.00000
0.99171 33.17718 4884.40911 0.00000
0.99278 38.40350 4884.40911 0.00000
0.99385 43.62981 4884.40911 0.00000
0.99492 48.85613 4884.40911 0.00000
0.99599 49.37565 130.07180 0.00000
0.99706 49.51483 130.07180 0.00000
0.99813 49.65401 130.07180 0.00000
0.99920 49.79319 130.07180 0.00000
1.00027 49.93236 130.07180 0.00000
1.00134 50.07154 130.07180 0.00000
1.00241 50.21072 130.07180 0.00000
1.00348 50.34989 130.07180 0.00000
1.00455 50.48907 130.07180 0.00000
1.00562 47.47037 -4963.28382 0.00000
1.00669 42.15965 -4963.28382 0.00000
1.00776 36.84894 -4963.28382 0.00000
1.00883 31.53822 -4963.28382 0.00000
1.00990 26.22751 -4963.28382 0.00000
1.01097 20.91680 -4963.28382 0.00000
1.01204 15.60608 -4963.28382 0.00000
1.01311 10.29537 -4963.28382 0.00000
1.01418 4.98466 -4963.28382 0.00000
1.01525 0.89201 -91.02963 0.00000
1.01632 0.79460 -91.02963 0.00000
1.01739 0.69720 -91.02963 0.00000
1.01846 0.59980 -91.02963 0.00000
1.01953 0.50240 -91.02963 0.00000
1.02060 0.40500 -91.02963 0.00000
1.02167 0.30760 -91.02963 0.00000
1.02274 0.21019 -91.02963 0.00000
1.02381 0.11279 -91.02963 0.00000
1.02488 0.01539 -91.02963 0.00000
1.02595 0.00404 -0.44673 0.00000
1.02702 0.00356 -0.44673 0.00000
1.02809 0.00309 -0.44673 0.00000
1.02916 0.00261 -0.44673 0.00000
1.03023 0.00213 -0.44673 0.00000
1.03130 0.00165 -0.44673 0.00000
1.03237 0.00117 -0.44673 0.00000
1.03344 0.00070 -0.44673 0.00000
1.03451 0.00022 -0.44673 0.00000
1.03558 0.00000 0.00000 0.00000
1.03665 0.00000 0.00000 0.00000
1.03772 0.00000 0.00000 0.00000
1.03879 0.00000 0.00000 0.00000
1.03986 0.00000 0.00000 0.00000
1.04093 0.00000 0.00000 0.00000
1.04200 0.00000 0.00000 0.00000
1.04307 0.00000 0.00000 0.00000
1.04414 0.00000 0.00000 0.00000
1.04521 0.00000 0.00000 0.00000
1.04628 0.00000 0.00000 0.00000
1.04735 0.00000 0.00000 0.00000
1.04842 0.00000 0.00000 0.00000
1.04949 0.00000 0.00000 0.00000
1.05056 0.00000 0.00000 0.00000
1.05163 0.00000 0.00000 0.00000
1.05270 0.00000 0.00000 0.00000
1.05377 0.00000 0.00000 0.00000
1.05484 0.00000 0.00000 0.00000
1.05591 0.00010 0.10883 0.00000
1.05698 0.00022 0.10883 0.00000
1.05805 0.00033 0.10883 0.00000
1.05912 0.00045 0.10883 0.00000
1.06019 0.00056 0.10883 0.00000
1.06126 0.00068 0.10883 0.00000
1.06233 0.00080 0.10883 0.00000
1.06340 0.00091 0.10883 0.00000
1.06447 0.00103 0.10883 0.00000
1.06554 0.00769 12.21956 0.00000
1.06661 0.02076 12.21956 0.00000
1.06768 0.03384 12.21956 0.00000
1.06875 0.04691 12.21956 0.00000
1.06982 0.05999 12.21956 0.00000
1.07089 0.07306 12.21956 0.00000
1.07196 0.08614 12.21956 0.00000
1.07303 0.09921 12.21956 0.00000
1.07410 0.11229 12.21956 0.00000
1.07517 0.14585 132.72583 0.00000
1.07624 0.28786 132.72583 0.00000
1.07731 0.42988 132.72583 0.00000
1.07838 0.57190 132.72583 0.00000
1.07945 0.71391 132.72583 0.00000
1.08052 0.85593 132.72583 0.00000
1.08159 0.99795 132.72583 0.00000
1.08266 1.13996 132.72583 0.00000
1.08373 1.28198 132.72583 0.00000
1.08480 1.42400 132.72583 0.00000
1.08587 1.44394 -7.58616 0.00000
1.08694 1.43583 -7.58616 0.00000
1.08801 1.42771 -7.58616 0.00000
1.08908 1.41959 -7.58616 0.00000
1.09015 1.41147 -7.58616 0.00000
1.09122 1.40336 -7.58616 0.00000
1.09229 1.39524 -7.58616 0.00000
1.09336 1.38712 -7.58616 0.00000
1.09443 1.37900 -7.58616 0.00000
1.09550 1.30649 -136.37929 0.00000
1.09657 1.16057 -136.37929 0.00000
1.09764 1.01464 -136.37929 0.00000
1.09871 0.86871 -136.37929 0.00000
1.09978 0.72279 -136.37929 0.00000
1.10085 0.57686 -136.37929 0.00000
1.10192 0.43094 -136.37929 0.00000
1.10299 0.28501 -136.37929 0.00000
1.10406 0.13908 -136.37929 0.00000
1.10513 0.01075 -1.08877 0.00000
1.10620 0.00958 -1.08877 0.00000
1.10727 0.00842 -1.08877 0.00000
1.10834 0.00725 -1.08877 0.00000
1.10941 0.00609 -1.08877 0.00000
1.11048 0.00492 -1.08877 0.00000
1.11155 0.00376 -1.08877 0.00000
1.11262 0.00259 -1.08877 0.00000
1.11369 0.00143 -1.08877 0.00000
1.11476 0.00026 -1.08877 0.00000
1.11583 0.00000 0.00000 0.00000
1.11690 0.00000 0.00000 0.00000
1.11797 0.00000 0.00000 0.00000
1.11904 0.00000 0.00000 0.00000
1.12011 0.00000 0.00000 0.00000
1.12118 0.00000 0.00000 0.00000
1.12225 0.00000 0.00000 0.00000
1.12332 0.00000 0.00000 0.00000
1.12439 0.00000 0.00000 0.00000
1.12546 0.00000 0.00768 0.00000
1.12653 0.00001 0.00768 0.00000
1.12760 0.00002 0.00768 0.00000
1.12867 0.00003 0.00768 0.00000
1.12974 0.00004 0.00768 0.00000
1.13081 0.00004 0.00768 0.00000
1.13188 0.00005 0.00768 0.00000
1.13295 0.00006 0.00768 0.00000
1.13402 0.00007 0.00768 0.00000
1.13509 0.00008 0.00358 0.00000
1.13616 0.00008 0.00358 0.00000
1.13723 0.00008 0.00358 0.00000
1.13830 0.00009 0.00358 0.00000
1.13937 0.00009 0.00358 0.00000
1.14044 0.00010 0.00358 0.00000
1.14151 0.00010 0.00358 0.00000
1.14258 0.00010 0.00358 0.00000
1.14365 0.00011 0.00358 0.00000
1.14472 0.00011 0.00358 0.00000
1.14579 0.00015 0.05175 0.00000
1.14686 0.00021 0.05175 0.00000
1.14793 0.00026 0.05175 0.00000
1.14900 0.00032 0.05175 0.00000
1.15007 0.00038 0.05175 0.00000
1.15114 0.00043 0.05175 0.00000
1.15221 0.00049 0.05175 0.00000
1.15328 0.00054 0.05175 0.00000
1.15435 0.00060 0.05175 0.00000
1.15542 0.00070 0.16262 0.00000
1.15649 0.00087 0.16262 0.00000
1.15756 0.00105 0.16262 0.00000
1.15863 0.00122 0.16262 0.00000
1.15970 0.00139 0.16262 0.00000
1.16077 0.00157 0.16262 0.00000
1.16184 0.00174 0.16262 0.00000
1.16291 0.00192 0.16262 0.00000
1.16398 0.00209 0.16262 0.00000
1.16505 0.00227 0.29311 0.00000
1.16612 0.00258 0.29311 0.00000
1.16719 0.00290 0.29311 0.00000
1.16826 0.00321 0.29311 0.00000
1.16933 0.00353 0.29311 0.00000
1.17040 0.00384 0.29311 0.00000
1.17147 0.00415 0.29311 0.00000
1.17254 0.00447 0.29311 0.00000
1.17361 0.00478 0.29311 0.00000
1.17468 0.00509 0.29311 0.00000
1.17575 0.00573 0.72323 0.00000
1.17682 0.00650 0.72323 0.00000
1.17789 0.00728 0.72323 0.00000
1.17896 0.00805 0.72323 0.00000
1.18003 0.00883 0.72323 0.00000
1.18110 0.00960 0.72323 0.00000
1.18217 0.01037 0.72323 0.00000
1.18324 0.01115 0.72323 0.00000
1.18431 0.01192 0.72323 0.00000
1.18538 0.01290 1.25620 0.00000
1.18645 0.01424 1.25620 0.00000
1.18752 0.01559 1.25620 0.00000
1.18859 0.01693 1.25620 0.00000
1.18966 0.01827 1.25620 0.00000
1.19073 0.01962 1.25620 0.00000
1.19180 0.02096 1.25620 0.00000
1.19287 0.02231 1.25620 0.00000
1.19394 0.02365 1.25620 0.00000
1.19501 0.02500 1.84101 0.00000
1.19608 0.02697 1.84101 0.00000
1.19715 0.02894 1.84101 0.00000
1.19822 0.03091 1.84101 0.00000
1.19929 0.03288 1.84101 0.00000
1.20036 0.03485 1.84101 0.00000
1.20143 0.03682 1.84101 0.00000
1.20250 0.03879 1.84101 0.00000
1.20357 0.04076 1.84101 0.00000
1.20464 0.04273 1.84101 0.00000
1.20571 0.04477 1.94276 0.00000
1.20678 0.04685 1.94276 0.00000
1.20785 0.04893 1.94276 0.00000
1.20892 0.05101 1.94276 0.00000
1.20999 0.05309 1.94276 0.00000
1.21106 0.05516 1.94276 0.00000
1.21213 0.05724 1.94276 0.00000
1.21320 0.05932 1.94276 0.00000
1.21427 0.06140 1.94276 0.00000
1.21534 0.06327 1.31367 0.00000
1.21641 0.06467 1.31367 0.00000
1.21748 0.06608 1.31367 0.00000
1.21855 0.06748 1.31367 0.00000
1.21962 0.06889 1.31367 0.00000
1.22069 0.07029 1.31367 0.00000
1.22176 0.07170 1.31367 0.00000
1.22283 0.07311 1.31367 0.00000
1.22390 0.07451 1.31367 0.00000
1.22497 0.07592 1.31367 0.00000
1.22604 0.07667 0.68208 0.00000
1.22711 0.07740 0.68208 0.00000
1.22818 0.07813 0.68208 0.00000
1.22925 0.07885 0.68208 0.00000
1.23032 0.07958 0.68208 0.00000
1.23139 0.08031 0.68208 0.00000
1.23246 0.08104 0.68208 0.00000
1.23353 0.08177 0.68208 0.00000
1.23460 0.08250 0.68208 0.00000
1.23567 0.08231 -0.69922 0.00000
1.23674 0.08156 -0.69922 0.00000
1.23781 0.08081 -0.69922 0.00000
1.23888 0.08006 -0.69922 0.00000
1.23995 0.07932 -0.69922 0.00000
1.24102 0.07857 -0.69922 0.00000
1.24209 0.07782 -0.69922 0.00000
1.24316 0.07707 -0.69922 0.00000
1.24423 0.07632 -0.69922 0.00000
1.24530 0.07536 -1.42008 0.00000
1.24637 0.07384 -1.42008 0.00000
1.24744 0.07232 -1.42008 0.00000
1.24851 0.07080 -1.42008 0.00000
1.24958 0.06928 -1.42008 0.00000
1.25065 0.06776 -1.42008 0.00000
1.25172 0.06624 -1.42008 0.00000
1.25279 0.06472 -1.42008 0.00000
1.25386 0.06320 -1.42008 0.00000
1.25493 0.06168 -1.42008 0.00000
1.25600 0.05931 -2.27271 0.00000
1.25707 0.05688 -2.27271 0.00000
1.25814 0.05445 -2.27271 0.00000
1.25921 0.05202 -2.27271 0.00000
1.26028 0.04958 -2.27271 0.00000
1.26135 0.04715 -2.27271 0.00000
1.26242 0.04472 -2.27271 0.00000
1.26349 0.04229 -2.27271 0.00000
1.26456 0.03986 -2.27271 0.00000
1.26563 0.03801 -1.34535 0.00000
1.26670 0.03657 -1.34535 0.00000
1.26777 0.03513 -1.34535 0.00000
1.26884 0.03369 -1.34535 0.00000
1.26991 0.03225 -1.34535 0.00000
1.27098 0.03081 -1.34535 0.00000
1.27205 0.02937 -1.34535 0.00000
1.27312 0.02793 -1.34535 0.00000
1.27419 0.02649 -1.34535 0.00000
1.27526 0.02524 -0.64024 0.00000
1.27633 0.02455 -0.64024 0.00000
1.27740 0.02387 -0.64024 0.00000
1.27847 0.02318 -0.64024 0.00000
1.27954 0.02250 -0.64024 0.00000
1.28061 0.02181 -0.64024 0.00000
1.28168 0.02113 -0.64024 0.00000
1.28275 0.02044 -0.64024 0.00000
1.28382 0.01976 -0.64024 0.00000
1.28489 0.01907 -0.64024 0.00000
1.28596 0.01899 -0.01171 0.00000
1.28703 0.01898 -0.01171 0.00000
1.28810 0.01896 -0.01171 0.00000
1.28917 0.01895 -0.01171 0.00000
1.29024 0.01894 -0.01171 0.00000
1.29131 0.01893 -0.01171 0.00000
1.29238 0.01891 -0.01171 0.00000
1.29345 0.01890 -0.01171 0.00000
1.29452 0.01889 -0.01171 0.00000
1.29559 0.01942 0.91733 0.00000
1.29666 0.02041 0.91733 0.00000
1.29773 0.02139 0.91733 0.00000
1.29880 0.02237 0.91733 0.00000
1.29987 0.02335 0.91733 0.00000
1.30094 0.02433 0.91733 0.00000
1.30201 0.02531 0.91733 0.00000
1.30308 0.02630 0.91733 0.00000
1.30415 0.02728 0.91733 0.00000
1.30522 0.02836 1.37448 0.00000
1.30629 0.02983 1.37448 0.00000
1.30736 0.03130 1.37448 0.00000
1.30843 0.03277 1.37448 0.00000
1.30950 0.03424 1.37448 0.00000
1.31057 0.03571 1.37448 0.00000
1.31164 0.03718 1.37448 0.00000
1.31271 0.03865 1.37448 0.00000
1.31378 0.04013 1.37448 0.00000
1.31485 0.04160 1.37448 0.00000
1.31592 0.04317 1.48170 0.00000
1.31699 0.04475 1.48170 0.00000
1.31806 0.04634 1.48170 0.00000
1.31913 0.04792 1.48170 0.00000
1.32020 0.04951 1.48170 0.00000
1.32127 0.05109 1.48170 0.00000
1.32234 0.05268 1.48170 0.00000
1.32341 0.05426 1.48170 0.00000
1.32448 0.05585 1.48170 0.00000
1.32555 0.05708 0.83926 0.00000
1.32662 0.05798 0.83926 0.00000
1.32769 0.05888 0.83926 0.00000
1.32876 0.05977 0.83926 0.00000
1.32983 0.06067 0.83926 0.00000
1.33090 0.06157 0.83926 0.00000
1.33197 0.06247 0.83926 0.00000
1.33304 0.06337 0.83926 0.00000
1.33411 0.06426 0.83926 0.00000
1.33518 0.06500 -0.06868 0.00000
1.33625 0.06493 -0.06868 0.00000
1.33732 0.06485 -0.06868 0.00000
1.33839 0.06478 -0.06868 0.00000
1.33946 0.06471 -0.06868 0.00000
1.34053 0.06463 -0.06868 0.00000
1.34160 0.06456 -0.06868 0.00000
1.34267 0.06448 -0.06868 0.00000
1.34374 0.06441 -0.06868 0.00000
1.34481 0.06434 -0.06868 0.00000
1.34588 0.06380 -0.59246 0.00000
1.34695 0.06317 -0.59246 0.00000
1.34802 0.06254 -0.59246 0.00000
1.34909 0.06190 -0.59246 0.00000
1.35016 0.06127 -0.59246 0.00000
1.35123 0.06063 -0.59246 0.00000
1.35230 0.06000 -0.59246 0.00000
1.35337 0.05937 -0.59246 0.00000
1.35444 0.05873 -0.59246 0.00000
1.35551 0.05795 -0.87431 0.00000
1.35658 0.05702 -0.87431 0.00000
1.35765 0.05608 -0.87431 0.00000
1.35872 0.05515 -0.87431 0.00000
1.35979 0.05421 -0.87431 0.00000
1.36086 0.05328 -0.87431 0.00000
1.36193 0.05234 -0.87431 0.00000
1.36300 0.05141 -0.87431 0.00000
1.36407 0.05047 -0.87431 0.00000
1.36514 0.04957 -0.64797 0.00000
1.36621 0.04887 -0.64797 0.00000
1.36728 0.04818 -0.64797 0.00000
1.36835 0.04749 -0.64797 0.00000
1.36942 0.04679 -0.64797 0.00000
1.37049 0.04610 -0.64797 0.00000
1.37156 0.04541 -0.64797 0.00000
1.37263 0.04471 -0.64797 0.00000
1.37370 0.04402 -0.64797 0.00000
1.37477 0.04333 -0.64797 0.00000
1.37584 0.04306 -0.14433 0.00000
1.37691 0.04290 -0.14433 0.00000
1.37798 0.04275 -0.14433 0.00000
1.37905 0.04259 -0.14433 0.00000
1.38012 0.04244 -0.14433 0.00000
1.38119 0.04228 -0.14433 0.00000
1.38226 0.04213 -0.14433 0.00000
1.38333 0.04197 -0.14433 0.00000
1.38440 0.04182 -0.14433 0.00000
1.38547 0.04166 -0.15669 0.00000
1.38654 0.04149 -0.15669 0.00000
1.38761 0.04132 -0.15669 0.00000
1.38868 0.04116 -0.15669 0.00000
1.38975 0.04099 -0.15669 0.00000
1.39082 0.04082 -0.15669 0.00000
1.39189 0.04065 -0.15669 0.00000
1.39296 0.04049 -0.15669 0.00000
1.39403 0.04032 -0.15669 0.00000
1.39510 0.04020 0.36113 0.00000
1.39617 0.04059 0.36113 0.00000
1.39724 0.04098 0.36113 0.00000
1.39831 0.04136 0.36113 0.00000
1.39938 0.04175 0.36113 0.00000
1.40045 0.04214 0.36113 0.00000
1.40152 0.04252 0.36113 0.00000
1.40259 0.04291 0.36113 0.00000
1.40366 0.04329 0.36113 0.00000
1.40473 0.04368 0.36113 0.00000
1.40580 0.04377 -0.00743 0.00000
1.40687 0.04376 -0.00743 0.00000
1.40794 0.04376 -0.00743 0.00000
1.40901 0.04375 -0.00743 0.00000
1.41008 0.04374 -0.00743 0.00000
1.41115 0.04373 -0.00743 0.00000
1.41222 0.04372 -0.00743 0.00000
1.41329 0.04372 -0.00743 0.00000
1.41436 0.04371 -0.00743 0.00000
1.41543 0.04399 0.67491 0.00000
1.41650 0.04472 0.67491 0.00000
1.41757 0.04544 0.67491 0.00000
1.41864 0.04616 0.67491 0.00000
1.41971 0.04688 0.67491 0.00000
1.42078 0.04761 0.67491 0.00000
1.42185 0.04833 0.67491 0.00000
1.42292 0.04905 0.67491 0.00000
1.42399 0.04977 0.67491 0.00000
1.42506 0.05046 0.07804 0.00000
1.42613 0.05054 0.07804 0.00000
1.42720 0.05062 0.07804 0.00000
1.42827 0.05071 0.07804 0.00000
1.42934 0.05079 0.07804 0.00000
1.43041 0.05088 0.07804 0.00000
1.43148 0.05096 0.07804 0.00000
1.43255 0.05104 0.07804 0.00000
1.43362 0.05113 0.07804 0.00000
1.43469 0.05121 0.07804 0.00000
1.43576 0.05142 0.24786 0.00000
1.43683 0.05169 0.24786 0.00000
1.43790 0.05195 0.24786 0.00000
1.43897 0.05222 0.24786 0.00000
1.44004 0.05248 0.24786 0.00000
1.44111 0.05275 0.24786 0.00000
1.44218 0.05301 0.24786 0.00000
1.44325 0.05328 0.24786 0.00000
1.44432 0.05354 0.24786 0.00000
1.44539 0.05386 0.37265 0.00000
1.44646 0.05426 0.37265 0.00000
1.44753 0.05465 0.37265 0.00000
1.44860 0.05505 0.37265 0.00000
1.44967 0.05545 0.37265 0.00000
1.45074 0.05585 0.37265 0.00000
1.45181 0.05625 0.37265 0.00000
1.45288 0.05665 0.37265 0.00000
1.45395 0.05705 0.37265 0.00000
1.45502 0.05745 0.42105 0.00000
1.45609 0.05790 0.42105 0.00000
1.45716 0.05835 0.42105 0.00000
1.45823 0.05880 0.42105 0.00000
1.45930 0.05925 0.42105 0.00000
1.46037 0.05970 0.42105 0.00000
1.46144 0.06015 0.42105 0.00000
1.46251 0.06060 0.42105 0.00000
1.46358 0.06105 0.42105 0.00000
1.46465 0.06150 0.42105 0.00000
1.46572 0.06200 0.48248 0.00000
1.46679 0.06251 0.48248 0.00000
1.46786 0.06303 0.48248 0.00000
1.46893 0.06355 0.48248 0.00000
1.47000 0.06406 0.48248 0.00000
1.47107 0.06458 0.48248 0.00000
1.47214 0.06509 0.48248 0.00000
1.47321 0.06561 0.48248 0.00000
1.47428 0.06613 0.48248 0.00000
1.47535 0.06669 0.60603 0.00000
1.47642 0.06733 0.60603 0.00000
1.47749 0.06798 0.60603 0.00000
1.47856 0.06863 0.60603 0.00000
1.47963 0.06928 0.60603 0.00000
1.48070 0.06993 0.60603 0.00000
1.48177 0.07058 0.60603 0.00000
1.48284 0.07123 0.60603 0.00000
1.48391 0.07187 0.60603 0.00000
1.48498 0.07252 0.60603 0.00000
1.48605 0.07368 1.09043 0.00000
1.48712 0.07485 1.09043 0.00000
1.48819 0.07601 1.09043 0.00000
1.48926 0.07718 1.09043 0.00000
1.49033 0.07835 1.09043 0.00000
1.49140 0.07951 1.09043 0.00000
1.49247 0.08068 1.09043 0.00000
1.49354 0.08185 1.09043 0.00000
1.49461 0.08301 1.09043 0.00000
1.49568 0.08417 1.07310 0.00000
1.49675 0.08532 1.07310 0.00000
1.49782 0.08646 1.07310 0.00000
1.49889 0.08761 1.07310 0.00000
1.49996 0.08876 1.07310 0.00000
1.50103 0.08991 1.07310 0.00000
1.50210 0.09106 1.07310 0.00000
1.50317 0.09221 1.07310 0.00000
1.50424 0.09335 1.07310 0.00000
1.50531 0.09484 2.15280 0.00000
1.50638 0.09714 2.15280 0.00000
1.50745 0.09944 2.15280 0.00000
1.50852 0.10175 2.15280 0.00000
1.50959 0.10405 2.15280 0.00000
1.51066 0.10635 2.15280 0.00000
1.51173 0.10866 2.15280 0.00000
1.51280 0.11096 2.15280 0.00000
1.51387 0.11326 2.15280 0.00000
1.51494 0.11557 2.15280 0.00000
1.51601 0.11737 1.65353 0.00000
1.51708 0.11914 1.65353 0.00000
1.51815 0.12091 1.65353 0.00000
1.51922 0.12268 1.65353 0.00000
1.52029 0.12444 1.65353 0.00000
1.52136 0.12621 1.65353 0.00000
1.52243 0.12798 1.65353 0.00000
1.52350 0.12975 1.65353 0.00000
1.52457 0.13152 1.65353 0.00000
1.52564 0.13357 2.09382 0.00000
1.52671 0.13581 2.09382 0.00000
1.52778 0.13805 2.09382 0.00000
1.52885 0.14029 2.09382 0.00000
1.52992 0.14253 2.09382 0.00000
1.53099 0.14477 2.09382 0.00000
1.53206 0.14702 2.09382 0.00000
1.53313 0.14926 2.09382 0.00000
1.53420 0.15150 2.09382 0.00000
1.53527 0.15339 0.81770 0.00000
1.53634 0.15427 0.81770 0.00000
1.53741 0.15514 0.81770 0.00000
1.53848 0.15602 0.81770 0.00000
1.53955 0.15689 0.81770 0.00000
1.54062 0.15777 0.81770 0.00000
1.54169 0.15864 0.81770 0.00000
1.54276 0.15952 0.81770 0.00000
1.54383 0.16039 0.81770 0.00000
1.54490 0.16127 0.81770 0.00000
1.54597 0.16265 1.34141 0.00000
1.54704 0.16408 1.34141 0.00000
1.54811 0.16552 1.34141 0.00000
1.54918 0.16695 1.34141 0.00000
1.55025 0.16839 1.34141 0.00000
1.55132 0.16983 1.34141 0.00000
1.55239 0.17126 1.34141 0.00000
1.55346 0.17270 1.34141 0.00000
1.55453 0.17413 1.34141 0.00000
1.55560 0.17532 0.92483 0.00000
1.55667 0.17631 0.92483 0.00000
1.55774 0.17730 0.92483 0.00000
1.55881 0.17829 0.92483 0.00000
1.55988 0.17928 0.92483 0.00000
1.56095 0.18026 0.92483 0.00000
1.56202 0.18125 0.92483 0.00000
1.56309 0.18224 0.92483 0.00000
1.56416 0.18323 0.92483 0.00000
1.56523 0.18421 0.87092 0.00000
1.56630 0.18514 0.87092 0.00000
1.56737 0.18607 0.87092 0.00000
1.56844 0.18701 0.87092 0.00000
1.56951 0.18794 0.87092 0.00000
1.57058 0.18887 0.87092 0.00000
1.57165 0.18980 0.87092 0.00000
1.57272 0.19073 0.87092 0.00000
1.57379 0.19167 0.87092 0.00000
1.57486 0.19260 0.87092 0.00000
1.57593 0.19375 1.11250 0.00000
1.57700 0.19494 1.11250 0.00000
1.57807 0.19613 1.11250 0.00000
1.57914 0.19733 1.11250 0.00000
1.58021 0.19852 1.11250 0.00000
1.58128 0.19971 1.11250 0.00000
1.58235 0.20090 1.11250 0.00000
1.58342 0.20209 1.11250 0.00000
1.58449 0.20328 1.11250 0.00000
1.58556 0.20472 1.55775 0.00000
1.58663 0.20638 1.55775 0.00000
1.58770 0.20805 1.55775 0.00000
1.58877 0.20972 1.55775 0.00000
1.58984 0.21138 1.55775 0.00000
1.59091 0.21305 1.55775 0.00000
1.59198 0.21472 1.55775 0.00000
1.59305 0.21638 1.55775 0.00000
1.59412 0.21805 1.55775 0.00000
1.59519 0.21994 2.75055 0.00000
1.59626 0.22289 2.75055 0.00000
1.59733 0.22583 2.75055 0.00000
1.59840 0.22877 2.75055 0.00000
1.59947 0.23172 2.75055 0.00000
1.60054 0.23466 2.75055 0.00000
1.60161 0.23760 2.75055 0.00000
1.60268 0.24055 2.75055 0.00000
1.60375 0.24349 2.75055 0.00000
1.60482 0.24643 2.75055 0.00000
1.60589 0.24958 2.98364 0.00000
1.60696 0.25278 2.98364 0.00000
1.60803 0.25597 2.98364 0.00000
1.60910 0.25916 2.98364 0.00000
1.61017 0.26235 2.98364 0.00000
1.61124 0.26555 2.98364 0.00000
1.61231 0.26874 2.98364 0.00000
1.61338 0.27193 2.98364 0.00000
1.61445 0.27512 2.98364 0.00000
1.61552 0.51161 451.62322 0.00000
1.61659 0.99484 451.62322 0.00000
1.61766 1.47808 451.62322 0.00000
1.61873 1.96132 451.62322 0.00000
1.61980 2.44456 451.62322 0.00000
1.62087 2.92779 451.62322 0.00000
1.62194 3.41103 451.62322 0.00000
1.62301 3.89427 451.62322 0.00000
1.62408 4.37750 451.62322 0.00000
1.62515 4.92827 901.81649 0.00000
1.62622 5.89321 901.81649 0.00000
1.62729 6.85816 901.81649 0.00000
1.62836 7.82310 901.81649 0.00000
1.62943 8.78804 901.81649 0.00000
1.63050 9.75299 901.81649 0.00000
1.63157 10.71793 901.81649 0.00000
1.63264 11.68287 901.81649 0.00000
1.63371 12.64782 901.81649 0.00000
1.63478 13.61276 901.81649 0.00000
1.63585 12.74092 -1259.10449 0.00000
1.63692 11.39368 -1259.10449 0.00000
1.63799 10.04644 -1259.10449 0.00000
1.63906 8.69920 -1259.10449 0.00000
1.64013 7.35195 -1259.10449 0.00000
1.64120 6.00471 -1259.10449 0.00000
1.64227 4.65747 -1259.10449 0.00000
1.64334 3.31023 -1259.10449 0.00000
1.64441 1.96299 -1259.10449 0.00000
1.64548 1.18216 -79.07787 0.00000
1.64655 1.09755 -79.07787 0.00000
1.64762 1.01293 -79.07787 0.00000
1.64869 0.92832 -79.07787 0.00000
1.64976 0.84371 -79.07787 0.00000
1.65083 0.75909 -79.07787 0.00000
1.65190 0.67448 -79.07787 0.00000
1.65297 0.58987 -79.07787 0.00000
1.65404 0.50525 -79.07787 0.00000
1.65511 0.42976 3.88354 0.00000
1.65618 0.43392 3.88354 0.00000
1.65725 0.43808 3.88354 0.00000
1.65832 0.44223 3.88354 0.00000
1.65939 0.44639 3.88354 0.00000
1.66046 0.45054 3.88354 0.00000
1.66153 0.45470 3.88354 0.00000
1.66260 0.45885 3.88354 0.00000
1.66367 0.46301 3.88354 0.00000
1.66474 0.46716 3.88354 0.00000
1.66581 0.47166 4.31144 0.00000
1.66688 0.47628 4.31144 0.00000
1.66795 0.48089 4.31144 0.00000
1.66902 0.48550 4.31144 0.00000
1.67009 0.49012 4.31144 0.00000
1.67116 0.49473 4.31144 0.00000
1.67223 0.49934 4.31144 0.00000
1.67330 0.50396 4.31144 0.00000
1.67437 0.50857 4.31144 0.00000
1.67544 0.51247 2.69186 0.00000
1.67651 0.51535 2.69186 0.00000
1.67758 0.51823 2.69186 0.00000
1.67865 0.52111 2.69186 0.00000
1.67972 0.52399 2.69186 0.00000
1.68079 0.52687 2.69186 0.00000
1.68186 0.52975 2.69186 0.00000
1.68293 0.53263 2.69186 0.00000
1.68400 0.53551 2.69186 0.00000
1.68507 0.53852 4.54131 0.00000
1.68614 0.54338 4.54131 0.00000
1.68721 0.54824 4.54131 0.00000
1.68828 0.55310 4.54131 0.00000
1.68935 0.55796 4.54131 0.00000
1.69042 0.56282 4.54131 0.00000
1.69149 0.56768 4.54131 0.00000
1.69256 0.57254 4.54131 0.00000
1.69363 0.57740 4.54131 0.00000
1.69470 0.58226 4.54131 0.00000
1.69577 0.58545 2.38205 0.00000
1.69684 0.58800 2.38205 0.00000
1.69791 0.59055 2.38205 0.00000
1.69898 0.59310 2.38205 0.00000
1.70005 0.59565 2.38205 0.00000
1.70112 0.59820 2.38205 0.00000
1.70219 0.60075 2.38205 0.00000
1.70326 0.60329 2.38205 0.00000
1.70433 0.60584 2.38205 0.00000
1.70540 0.60826 2.06417 0.00000
1.70647 0.61047 2.06417 0.00000
1.70754 0.61268 2.06417 0.00000
1.70861 0.61489 2.06417 0.00000
1.70968 0.61710 2.06417 0.00000
1.71075 0.61931 2.06417 0.00000
1.71182 0.62152 2.06417 0.00000
1.71289 0.62373 2.06417 0.00000
1.71396 0.62593 2.06417 0.00000
1.71503 0.62817 2.99777 0.00000
1.71610 0.63138 2.99777 0.00000
1.71717 0.63459 2.99777 0.00000
1.71824 0.63779 2.99777 0.00000
1.71931 0.64100 2.99777 0.00000
1.72038 0.64421 2.99777 0.00000
1.72145 0.64742 2.99777 0.00000
1.72252 0.65062 2.99777 0.00000
1.72359 0.65383 2.99777 0.00000
1.72466 0.65704 2.99777 0.00000
1.72573 0.65952 2.00316 0.00000
1.72680 0.66166 2.00316 0.00000
1.72787 0.66381 2.00316 0.00000
1.72894 0.66595 2.00316 0.00000
1.73001 0.66809 2.00316 0.00000
1.73108 0.67024 2.00316 0.00000
1.73215 0.67238 2.00316 0.00000
1.73322 0.67452 2.00316 0.00000
1.73429 0.67667 2.00316 0.00000
1.73536 0.67876 1.86839 0.00000
1.73643 0.68076 1.86839 0.00000
1.73750 0.68276 1.86839 0.00000
1.73857 0.68476 1.86839 0.00000
1.73964 0.68676 1.86839 0.00000
1.74071 0.68876 1.86839 0.00000
1.74178 0.69076 1.86839 0.00000
1.74285 0.69276 1.86839 0.00000
1.74392 0.69476 1.86839 0.00000
1.74499 0.69676 1.86839 0.00000
1.74606 0.69790 1.06498 0.00000
1.74713 0.69904 1.06498 0.00000
1.74820 0.70018 1.06498 0.00000
1.74927 0.70132 1.06498 0.00000
1.75034 0.70246 1.06498 0.00000
1.75141 0.70360 1.06498 0.00000
1.75248 0.70474 1.06498 0.00000
1.75355 0.70588 1.06498 0.00000
1.75462 0.70702 1.06498 0.00000
1.75569 0.70761 0.26869 0.00000
1.75676 0.70790 0.26869 0.00000
1.75783 0.70818 0.26869 0.00000
1.75890 0.70847 0.26869 0.00000
1.75997 0.70876 0.26869 0.00000
1.76104 0.70905 0.26869 0.00000
1.76211 0.70933 0.26869 0.00000
1.76318 0.70962 0.26869 0.00000
1.76425 0.70991 0.26869 0.00000
1.76532 0.71031 0.62500 0.00000
1.76639 0.71098 0.62500 0.00000
1.76746 0.71165 0.62500 0.00000
1.76853 0.71232 0.62500 0.00000
1.76960 0.71299 0.62500 0.00000
1.77067 0.71365 0.62500 0.00000
1.77174 0.71432 0.62500 0.00000
1.77281 0.71499 0.62500 0.00000
1.77388 0.71566 0.62500 0.00000
1.77495 0.71633 0.62500 0.00000
1.77602 0.71567 -0.67908 0.00000
1.77709 0.71494 -0.67908 0.00000
1.77816 0.71422 -0.67908 0.00000
1.77923 0.71349 -0.67908 0.00000
1.78030 0.71276 -0.67908 0.00000
1.78137 0.71204 -0.67908 0.00000
1.78244 0.71131 -0.67908 0.00000
1.78351 0.71058 -0.67908 0.00000
1.78458 0.70986 -0.67908 0.00000
1.78565 0.70958 0.01535 0.00000
1.78672 0.70960 0.01535 0.00000
1.78779 0.70961 0.01535 0.00000
1.78886 0.70963 0.01535 0.00000
1.78993 0.70965 0.01535 0.00000
1.79100 0.70966 0.01535 0.00000
1.79207 0.70968 0.01535 0.00000
1.79314 0.70970 0.01535 0.00000
1.79421 0.70971 0.01535 0.00000
1.79528 0.70950 -0.81208 0.00000
1.79635 0.70863 -0.81208 0.00000
1.79742 0.70776 -0.81208 0.00000
1.79849 0.70689 -0.81208 0.00000
1.79956 0.70602 -0.81208 0.00000
1.80063 0.70515 -0.81208 0.00000
1.80170 0.70428 -0.81208 0.00000
1.80277 0.70341 -0.81208 0.00000
1.80384 0.70255 -0.81208 0.00000
1.80491 0.70168 -0.81208 0.00000
1.80598 0.70113 -0.48369 0.00000
1.80705 0.70061 -0.48369 0.00000
1.80812 0.70009 -0.48369 0.00000
1.80919 0.69958 -0.48369 0.00000
1.81026 0.69906 -0.48369 0.00000
1.81133 0.69854 -0.48369 0.00000
1.81240 0.69802 -0.48369 0.00000
1.81347 0.69751 -0.48369 0.00000
1.81454 0.69699 -0.48369 0.00000
1.81561 0.69655 -0.34616 0.00000
1.81668 0.69618 -0.34616 0.00000
1.81775 0.69581 -0.34616 0.00000
1.81882 0.69544 -0.34616 0.00000
1.81989 0.69507 -0.34616 0.00000
1.82096 0.69470 -0.34616 0.00000
1.82203 0.69433 -0.34616 0.00000
1.82310 0.69396 -0.34616 0.00000
1.82417 0.69359 -0.34616 0.00000
1.82524 0.69296 -1.45057 0.00000
1.82631 0.69140 -1.45057 0.00000
1.82738 0.68985 -1.45057 0.00000
1.82845 0.68830 -1.45057 0.00000
1.82952 0.68675 -1.45057 0.00000
1.83059 0.68520 -1.45057 0.00000
1.83166 0.68364 -1.45057 0.00000
1.83273 0.68209 -1.45057 0.00000
1.83380 0.68054 -1.45057 0.00000
1.83487 0.67899 -1.45057 0.00000
1.83594 0.67772 -1.14755 0.00000
1.83701 0.67649 -1.14755 0.00000
1.83808 0.67526 -1.14755 0.00000
1.83915 0.67404 -1.14755 0.00000
1.84022 0.67281 -1.14755 0.00000
1.84129 0.67158 -1.14755 0.00000
1.84236 0.67035 -1.14755 0.00000
1.84343 0.66912 -1.14755 0.00000
1.84450 0.66790 -1.14755 0.00000
1.84557 0.66692 -0.71063 0.00000
1.84664 0.66616 -0.71063 0.00000
1.84771 0.66540 -0.71063 0.00000
1.84878 0.66464 -0.71063 0.00000
1.84985 0.66388 -0.71063 0.00000
1.85092 0.66312 -0.71063 0.00000
1.85199 0.66236 -0.71063 0.00000
1.85306 0.66160 -0.71063 0.00000
1.85413 0.66084 -0.71063 0.00000
1.85520 0.66002 -0.96176 0.00000
1.85627 0.65900 -0.96176 0.00000
1.85734 0.65797 -0.96176 0.00000
1.85841 0.65694 -0.96176 0.00000
1.85948 0.65591 -0.96176 0.00000
1.86055 0.65488 -0.96176 0.00000
1.86162 0.65385 -0.96176 0.00000
1.86269 0.65282 -0.96176 0.00000
1.86376 0.65179 -0.96176 0.00000
1.86483 0.65076 -0.96176 0.00000
1.86590 0.64983 -0.85931 0.00000
1.86697 0.64891 -0.85931 0.00000
1.86804 0.64799 -0.85931 0.00000
1.86911 0.64707 -0.85931 0.00000
1.87018 0.64615 -0.85931 0.00000
1.87125 0.64523 -0.85931 0.00000
1.87232 0.64431 -0.85931 0.00000
1.87339 0.64339 -0.85931 0.00000
1.87446 0.64247 -0.85931 0.00000
1.87553 0.64133 -1.27756 0.00000
1.87660 0.63996 -1.27756 0.00000
1.87767 0.63860 -1.27756 0.00000
1.87874 0.63723 -1.27756 0.00000
1.87981 0.63586 -1.27756 0.00000
1.88088 0.63449 -1.27756 0.00000
1.88195 0.63313 -1.27756 0.00000
1.88302 0.63176 -1.27756 0.00000
1.88409 0.63039 -1.27756 0.00000
1.88516 0.62916 -0.47304 0.00000
1.88623 0.62865 -0.47304 0.00000
1.88730 0.62814 -0.47304 0.00000
1.88837 0.62764 -0.47304 0.00000
1.88944 0.62713 -0.47304 0.00000
1.89051 0.62662 -0.47304 0.00000
1.89158 0.62612 -0.47304 0.00000
1.89265 0.62561 -0.47304 0.00000
1.89372 0.62511 -0.47304 0.00000
1.89479 0.62460 -0.47304 0.00000
1.89586 0.62323 -1.47221 0.00000
1.89693 0.62166 -1.47221 0.00000
1.89800 0.62008 -1.47221 0.00000
1.89907 0.61851 -1.47221 0.00000
1.90014 0.61693 -1.47221 0.00000
1.90121 0.61536 -1.47221 0.00000
1.90228 0.61378 -1.47221 0.00000
1.90335 0.61221 -1.47221 0.00000
1.90442 0.61063 -1.47221 0.00000
1.90549 0.60966 -0.24156 0.00000
1.90656 0.60940 -0.24156 0.00000
1.90763 0.60914 -0.24156 0.00000
1.90870 0.60888 -0.24156 0.00000
1.90977 0.60863 -0.24156 0.00000
1.91084 0.60837 -0.24156 0.00000
1.91191 0.60811 -0.24156 0.00000
1.91298 0.60785 -0.24156 0.00000
1.91405 0.60759 -0.24156 0.00000
1.91512 0.60727 -0.79004 0.00000
1.91619 0.60642 -0.79004 0.00000
1.91726 0.60558 -0.79004 0.00000
1.91833 0.60473 -0.79004 0.00000
1.91940 0.60389 -0.79004 0.00000
1.92047 0.60304 -0.79004 0.00000
1.92154 0.60220 -0.79004 0.00000
1.92261 0.60135 -0.79004 0.00000
1.92368 0.60051 -0.79004 0.00000
1.92475 0.59966 -0.79004 0.00000
1.92582 0.59890 -0.68665 0.00000
1.92689 0.59816 -0.68665 0.00000
1.92796 0.59743 -0.68665 0.00000
1.92903 0.59670 -0.68665 0.00000
1.93010 0.59596 -0.68665 0.00000
1.93117 0.59523 -0.68665 0.00000
1.93224 0.59449 -0.68665 0.00000
1.93331 0.59376 -0.68665 0.00000
1.93438 0.59302 -0.68665 0.00000
1.93545 0.59238 -0.47077 0.00000
1.93652 0.59188 -0.47077 0.00000
1.93759 0.59138 -0.47077 0.00000
1.93866 0.59087 -0.47077 0.00000
1.93973 0.59037 -0.47077 0.00000
1.94080 0.58987 -0.47077 0.00000
1.94187 0.58936 -0.47077 0.00000
1.94294 0.58886 -0.47077 0.00000
1.94401 0.58835 -0.47077 0.00000
1.94508 0.58787 -0.25040 0.00000
1.94615 0.58760 -0.25040 0.00000
1.94722 0.58733 -0.25040 0.00000
1.94829 0.58706 -0.25040 0.00000
1.94936 0.58680 -0.25040 0.00000
1.95043 0.58653 -0.25040 0.00000
1.95150 0.58626 -0.25040 0.00000
1.95257 0.58599 -0.25040 0.00000
1.95364 0.58572 -0.25040 0.00000
1.95471 0.58546 -0.25040 0.00000
1.95578 0.58579 0.52002 0.00000
1.95685 0.58635 0.52002 0.00000
1.95792 0.58690 0.52002 0.00000
1.95899 0.58746 0.52002 0.00000
1.96006 0.58802 0.52002 0.00000
1.96113 0.58857 0.52002 0.00000
1.96220 0.58913 0.52002 0.00000
1.96327 0.58968 0.52002 0.00000
1.96434 0.59024 0.52002 0.00000
1.96541 0.59009 -1.21362 0.00000
1.96648 0.58879 -1.21362 0.00000
1.96755 0.58749 -1.21362 0.00000
1.96862 0.58619 -1.21362 0.00000
1.96969 0.58489 -1.21362 0.00000
1.97076 0.58359 -1.21362 0.00000
1.97183 0.58230 -1.21362 0.00000
1.97290 0.58100 -1.21362 0.00000
1.97397 0.57970 -1.21362 0.00000
1.97504 0.57847 0.44698 0.00000
1.97611 0.57894 0.44698 0.00000
1.97718 0.57942 0.44698 0.00000
1.97825 0.57990 0.44698 0.00000
1.97932 0.58038 0.44698 0.00000
1.98039 0.58086 0.44698 0.00000
1.98146 0.58134 0.44698 0.00000
1.98253 0.58181 0.44698 0.00000
1.98360 0.58229 0.44698 0.00000
1.98467 0.58277 0.44698 0.00000
1.98574 0.58293 0.02273 0.00000
1.98681 0.58296 0.02273 0.00000
1.98788 0.58298 0.02273 0.00000
1.98895 0.58301 0.02273 0.00000
1.99002 0.58303 0.02273 0.00000
1.99109 0.58306 0.02273 0.00000
1.99216 0.58308 0.02273 0.00000
1.99323 0.58310 0.02273 0.00000
1.99430 0.58313 0.02273 0.00000
1.99537 0.58348 0.89356 0.00000
1.99644 0.58443 0.89356 0.00000
1.99751 0.58539 0.89356 0.00000
1.99858 0.58634 0.89356 0.00000
1.99965 0.58730 0.89356 0.00000
2.00072 0.58826 0.89356 0.00000
2.00179 0.58921 0.89356 0.00000
2.00286 0.59017 0.89356 0.00000
2.00393 0.59112 0.89356 0.00000
2.00500 0.59208 0.89356 0.00000
