0.93500 0.01453
0.93607 0.03109
0.93714 0.04635
0.93821 0.06005
0.93928 0.07195
0.94035 0.08180
0.94142 0.08935
0.94249 0.09435
0.94356 0.09656
0.94463 0.09572
0.94570 0.09161
0.94677 0.08456
0.94784 0.07532
0.94891 0.06467
0.94998 0.05338
0.95105 0.04222
0.95212 0.03198
0.95319 0.02342
0.95426 0.01732
0.95533 0.01428
0.95640 0.01224
0.95747 0.01038
0.95854 0.00867
0.95961 0.00708
0.96068 0.00558
0.96175 0.00416
0.96282 0.00278
0.96389 0.00142
0.96496 0.00005
0.96603 -0.00107
0.96710 -0.00169
0.96817 -0.00191
0.96924 -0.00182
0.97031 -0.00152
0.97138 -0.00109
0.97245 -0.00064
0.97352 -0.00025
0.97459 -0.00003
0.97566 0.00174
0.97673 0.01197
0.97780 0.03136
0.97887 0.05996
0.97994 0.09780
0.98101 0.14490
0.98208 0.20130
0.98315 0.26704
0.98422 0.34213
0.98529 0.52482
0.98636 2.53933
0.98743 6.61903
0.98850 12.24050
0.98957 18.88033
0.99064 26.01511
0.99171 33.12143
0.99278 39.67588
0.99385 45.15505
0.99492 49.03553
0.99599 51.55619
0.99706 53.52705
0.99813 54.94682
0.99920 55.80971
1.00027 56.10994
1.00134 55.84173
1.00241 54.99929
1.00348 53.57683
1.00455 51.56858
1.00562 48.70400
1.00669 44.03197
1.00776 37.93825
1.00883 30.96418
1.00990 23.65111
1.01097 16.54038
1.01204 10.17334
1.01311 5.09134
1.01418 1.83572
1.01525 0.87122
1.01632 0.69624
1.01739 0.53999
1.01846 0.40289
1.01953 0.28533
1.02060 0.18772
1.02167 0.11044
1.02274 0.05391
1.02381 0.01851
1.02488 0.00466
1.02595 0.00400
1.02702 0.00341
1.02809 0.00278
1.02916 0.00215
1.03023 0.00154
1.03130 0.00099
1.03237 0.00053
1.03344 0.00020
1.03451 0.00002
1.03558 0.00000
1.03665 0.00000
1.03772 0.00000
1.03879 0.00000
1.03986 0.00000
1.04093 0.00000
1.04200 0.00000
1.04307 0.00000
1.04414 0.00000
1.04521 0.00000
1.04628 0.00000
1.04735 0.00000
1.04842 0.00000
1.04949 0.00000
1.05056 0.00000
1.05163 0.00000
1.05270 0.00000
1.05377 0.00000
1.05484 0.00000
1.05591 0.00002
1.05698 0.00007
1.05805 0.00016
1.05912 0.00028
1.06019 0.00042
1.06126 0.00057
1.06233 0.00073
1.06340 0.00088
1.06447 0.00102
1.06554 0.00158
1.06661 0.00497
1.06768 0.01143
1.06875 0.02077
1.06982 0.03281
1.07089 0.04737
1.07196 0.06425
1.07303 0.08328
1.07410 0.10426
1.07517 0.12782
1.07624 0.19144
1.07731 0.30617
1.07838 0.45887
1.07945 0.63640
1.08052 0.82562
1.08159 1.01338
1.08266 1.18656
1.08373 1.33201
1.08480 1.43659
1.08587 1.50104
1.08694 1.54707
1.08801 1.57584
1.08908 1.58786
1.09015 1.58363
1.09122 1.56367
1.09229 1.52848
1.09336 1.47858
1.09443 1.41446
1.09550 1.33183
1.09657 1.20323
1.09764 1.03624
1.09871 0.84537
1.09978 0.64513
1.10085 0.45003
1.10192 0.27457
1.10299 0.13327
1.10406 0.04063
1.10513 0.01060
1.10620 0.00839
1.10727 0.00644
1.10834 0.00476
1.10941 0.00334
1.11048 0.00217
1.11155 0.00126
1.11262 0.00060
1.11369 0.00018
1.11476 0.00001
1.11583 -0.00000
1.11690 -0.00000
1.11797 -0.00000
1.11904 -0.00001
1.12011 -0.00001
1.12118 -0.00001
1.12225 -0.00001
1.12332 -0.00001
1.12439 -0.00000
1.12546 0.00000
1.12653 0.00001
1.12760 0.00002
1.12867 0.00003
1.12974 0.00004
1.13081 0.00005
1.13188 0.00005
1.13295 0.00006
1.13402 0.00007
1.13509 0.00008
1.13616 0.00008
1.13723 0.00009
1.13830 0.00009
1.13937 0.00010
1.14044 0.00010
1.14151 0.00010
1.14258 0.00010
1.14365 0.00011
1.14472 0.00011
1.14579 0.00012
1.14686 0.00014
1.14793 0.00018
1.14900 0.00022
1.15007 0.00028
1.15114 0.00034
1.15221 0.00042
1.15328 0.00049
1.15435 0.00058
1.15542 0.00067
1.15649 0.00078
1.15756 0.00092
1.15863 0.00108
1.15970 0.00126
1.16077 0.00145
1.16184 0.00165
1.16291 0.00185
1.16398 0.00206
1.16505 0.00227
1.16612 0.00248
1.16719 0.00273
1.16826 0.00300
1.16933 0.00329
1.17040 0.00361
1.17147 0.00394
1.17254 0.00430
1.17361 0.00468
1.17468 0.00507
1.17575 0.00550
1.17682 0.00602
1.17789 0.00664
1.17896 0.00734
1.18003 0.00811
1.18110 0.00895
1.18217 0.00985
1.18324 0.01079
1.18431 0.01177
1.18538 0.01278
1.18645 0.01383
1.18752 0.01492
1.18859 0.01607
1.18966 0.01730
1.19073 0.01861
1.19180 0.02002
1.19287 0.02155
1.19394 0.02320
1.19501 0.02500
1.19608 0.02688
1.19715 0.02880
1.19822 0.03074
1.19929 0.03270
1.20036 0.03468
1.20143 0.03667
1.20250 0.03868
1.20357 0.04069
1.20464 0.04271
1.20571 0.04474
1.20678 0.04681
1.20785 0.04890
1.20892 0.05101
1.20999 0.05313
1.21106 0.05524
1.21213 0.05734
1.21320 0.05941
1.21427 0.06145
1.21534 0.06344
1.21641 0.06527
1.21748 0.06693
1.21855 0.06844
1.21962 0.06984
1.22069 0.07114
1.22176 0.07238
1.22283 0.07357
1.22390 0.07474
1.22497 0.07592
1.22604 0.07709
1.22711 0.07819
1.22818 0.07921
1.22925 0.08013
1.23032 0.08094
1.23139 0.08163
1.23246 0.08217
1.23353 0.08254
1.23460 0.08275
1.23567 0.08276
1.23674 0.08255
1.23781 0.08213
1.23888 0.08154
1.23995 0.08080
1.24102 0.07991
1.24209 0.07891
1.24316 0.07782
1.24423 0.07666
1.24530 0.07544
1.24637 0.07418
1.24744 0.07287
1.24851 0.07151
1.24958 0.07007
1.25065 0.06857
1.25172 0.06699
1.25279 0.06533
1.25386 0.06357
1.25493 0.06171
1.25600 0.05965
1.25707 0.05733
1.25814 0.05481
1.25921 0.05217
1.26028 0.04948
1.26135 0.04681
1.26242 0.04424
1.26349 0.04183
1.26456 0.03966
1.26563 0.03776
1.26670 0.03598
1.26777 0.03429
1.26884 0.03270
1.26991 0.03120
1.27098 0.02980
1.27205 0.02850
1.27312 0.02729
1.27419 0.02618
1.27526 0.02516
1.27633 0.02423
1.27740 0.02335
1.27847 0.02255
1.27954 0.02181
1.28061 0.02113
1.28168 0.02051
1.28275 0.01996
1.28382 0.01947
1.28489 0.01904
1.28596 0.01866
1.28703 0.01834
1.28810 0.01808
1.28917 0.01790
1.29024 0.01781
1.29131 0.01783
1.29238 0.01797
1.29345 0.01823
1.29452 0.01865
1.29559 0.01921
1.29666 0.01986
1.29773 0.02060
1.29880 0.02143
1.29987 0.02235
1.30094 0.02336
1.30201 0.02447
1.30308 0.02567
1.30415 0.02696
1.30522 0.02835
1.30629 0.02978
1.30736 0.03122
1.30843 0.03267
1.30950 0.03413
1.31057 0.03560
1.31164 0.03708
1.31271 0.03857
1.31378 0.04008
1.31485 0.04159
1.31592 0.04312
1.31699 0.04469
1.31806 0.04629
1.31913 0.04790
1.32020 0.04952
1.32127 0.05114
1.32234 0.05274
1.32341 0.05433
1.32448 0.05588
1.32555 0.05738
1.32662 0.05874
1.32769 0.05997
1.32876 0.06106
1.32983 0.06202
1.33090 0.06285
1.33197 0.06357
1.33304 0.06418
1.33411 0.06468
1.33518 0.06507
1.33625 0.06537
1.33732 0.06558
1.33839 0.06569
1.33946 0.06570
1.34053 0.06563
1.34160 0.06546
1.34267 0.06520
1.34374 0.06485
1.34481 0.06441
1.34588 0.06391
1.34695 0.06339
1.34802 0.06284
1.34909 0.06227
1.35016 0.06167
1.35123 0.06103
1.35230 0.06035
1.35337 0.05962
1.35444 0.05883
1.35551 0.05799
1.35658 0.05710
1.35765 0.05616
1.35872 0.05520
1.35979 0.05423
1.36086 0.05325
1.36193 0.05228
1.36300 0.05133
1.36407 0.05041
1.36514 0.04955
1.36621 0.04868
1.36728 0.04779
1.36835 0.04691
1.36942 0.04607
1.37049 0.04529
1.37156 0.04459
1.37263 0.04399
1.37370 0.04353
1.37477 0.04322
1.37584 0.04304
1.37691 0.04287
1.37798 0.04271
1.37905 0.04256
1.38012 0.04241
1.38119 0.04227
1.38226 0.04212
1.38333 0.04198
1.38440 0.04182
1.38547 0.04166
1.38654 0.04150
1.38761 0.04133
1.38868 0.04115
1.38975 0.04098
1.39082 0.04080
1.39189 0.04063
1.39296 0.04047
1.39403 0.04031
1.39510 0.04015
1.39617 0.04015
1.39724 0.04036
1.39831 0.04074
1.39938 0.04123
1.40045 0.04178
1.40152 0.04236
1.40259 0.04291
1.40366 0.04338
1.40473 0.04372
1.40580 0.04390
1.40687 0.04395
1.40794 0.04390
1.40901 0.04380
1.41008 0.04367
1.41115 0.04354
1.41222 0.04346
1.41329 0.04346
1.41436 0.04357
1.41543 0.04384
1.41650 0.04435
1.41757 0.04507
1.41864 0.04594
1.41971 0.04689
1.42078 0.04784
1.42185 0.04875
1.42292 0.04953
1.42399 0.05012
1.42506 0.05046
1.42613 0.05063
1.42720 0.05073
1.42827 0.05078
1.42934 0.05081
1.43041 0.05082
1.43148 0.05085
1.43255 0.05090
1.43362 0.05100
1.43469 0.05117
1.43576 0.05140
1.43683 0.05162
1.43790 0.05185
1.43897 0.05208
1.44004 0.05232
1.44111 0.05258
1.44218 0.05286
1.44325 0.05316
1.44432 0.05348
1.44539 0.05385
1.44646 0.05422
1.44753 0.05460
1.44860 0.05499
1.44967 0.05538
1.45074 0.05578
1.45181 0.05618
1.45288 0.05660
1.45395 0.05702
1.45502 0.05745
1.45609 0.05788
1.45716 0.05832
1.45823 0.05876
1.45930 0.05921
1.46037 0.05966
1.46144 0.06011
1.46251 0.06057
1.46358 0.06103
1.46465 0.06150
1.46572 0.06197
1.46679 0.06246
1.46786 0.06296
1.46893 0.06347
1.47000 0.06399
1.47107 0.06452
1.47214 0.06505
1.47321 0.06558
1.47428 0.06612
1.47535 0.06665
1.47642 0.06715
1.47749 0.06763
1.47856 0.06812
1.47963 0.06864
1.48070 0.06922
1.48177 0.06987
1.48284 0.07062
1.48391 0.07149
1.48498 0.07251
1.48605 0.07363
1.48712 0.07477
1.48819 0.07593
1.48926 0.07710
1.49033 0.07828
1.49140 0.07947
1.49247 0.08066
1.49354 0.08184
1.49461 0.08301
1.49568 0.08417
1.49675 0.08532
1.49782 0.08646
1.49889 0.08760
1.49996 0.08873
1.50103 0.08987
1.50210 0.09101
1.50317 0.09216
1.50424 0.09333
1.50531 0.09454
1.50638 0.09613
1.50745 0.09815
1.50852 0.10049
1.50959 0.10305
1.51066 0.10573
1.51173 0.10843
1.51280 0.11104
1.51387 0.11346
1.51494 0.11559
1.51601 0.11747
1.51708 0.11928
1.51815 0.12104
1.51922 0.12275
1.52029 0.12445
1.52136 0.12615
1.52243 0.12788
1.52350 0.12965
1.52457 0.13148
1.52564 0.13342
1.52671 0.13558
1.52778 0.13792
1.52885 0.14036
1.52992 0.14285
1.53099 0.14531
1.53206 0.14768
1.53313 0.14989
1.53420 0.15187
1.53527 0.15357
1.53634 0.15490
1.53741 0.15593
1.53848 0.15673
1.53955 0.15738
1.54062 0.15797
1.54169 0.15856
1.54276 0.15925
1.54383 0.16011
1.54490 0.16123
1.54597 0.16258
1.54704 0.16404
1.54811 0.16558
1.54918 0.16716
1.55025 0.16873
1.55132 0.17027
1.55239 0.17173
1.55346 0.17309
1.55453 0.17429
1.55560 0.17534
1.55667 0.17636
1.55774 0.17737
1.55881 0.17837
1.55988 0.17937
1.56095 0.18035
1.56202 0.18133
1.56309 0.18230
1.56416 0.18326
1.56523 0.18421
1.56630 0.18516
1.56737 0.18609
1.56844 0.18702
1.56951 0.18794
1.57058 0.18886
1.57165 0.18978
1.57272 0.19071
1.57379 0.19164
1.57486 0.19259
1.57593 0.19358
1.57700 0.19464
1.57807 0.19577
1.57914 0.19694
1.58021 0.19816
1.58128 0.19941
1.58235 0.20068
1.58342 0.20196
1.58449 0.20324
1.58556 0.20451
1.58663 0.20579
1.58770 0.20710
1.58877 0.20848
1.58984 0.20996
1.59091 0.21157
1.59198 0.21333
1.59305 0.21528
1.59412 0.21745
1.59519 0.21987
1.59626 0.22249
1.59733 0.22527
1.59840 0.22817
1.59947 0.23116
1.60054 0.23421
1.60161 0.23729
1.60268 0.24038
1.60375 0.24343
1.60482 0.24643
1.60589 0.24939
1.60696 0.25241
1.60803 0.25548
1.60910 0.25860
1.61017 0.26177
1.61124 0.26500
1.61231 0.26828
1.61338 0.27162
1.61445 0.27500
1.61552 0.30007
1.61659 0.47412
1.61766 0.79528
1.61873 1.23627
1.61980 1.76983
1.62087 2.36869
1.62194 3.00557
1.62301 3.65321
1.62408 4.28433
1.62515 4.87534
1.62622 5.62059
1.62729 6.59196
1.62836 7.71818
1.62943 8.92798
1.63050 10.15011
1.63157 11.31330
1.63264 12.34628
1.63371 13.17779
1.63478 13.73657
1.63585 13.77893
1.63692 13.01588
1.63799 11.63248
1.63906 9.82722
1.64013 7.79860
1.64120 5.74513
1.64227 3.86529
1.64334 2.35759
1.64441 1.42053
1.64548 1.16136
1.64655 1.03242
1.64762 0.90866
1.64869 0.79297
1.64976 0.68822
1.65083 0.59732
1.65190 0.52315
1.65297 0.46860
1.65404 0.43656
1.65511 0.42976
1.65618 0.43384
1.65725 0.43787
1.65832 0.44188
1.65939 0.44589
1.66046 0.44994
1.66153 0.45405
1.66260 0.45826
1.66367 0.46258
1.66474 0.46706
1.66581 0.47168
1.66688 0.47636
1.66795 0.48107
1.66902 0.48579
1.67009 0.49049
1.67116 0.49517
1.67223 0.49978
1.67330 0.50431
1.67437 0.50874
1.67544 0.51299
1.67651 0.51663
1.67758 0.51971
1.67865 0.52238
1.67972 0.52479
1.68079 0.52710
1.68186 0.52947
1.68293 0.53205
1.68400 0.53499
1.68507 0.53845
1.68614 0.54265
1.68721 0.54753
1.68828 0.55287
1.68935 0.55846
1.69042 0.56410
1.69149 0.56956
1.69256 0.57463
1.69363 0.57911
1.69470 0.58277
1.69577 0.58567
1.69684 0.58845
1.69791 0.59115
1.69898 0.59377
1.70005 0.59632
1.70112 0.59881
1.70219 0.60125
1.70326 0.60364
1.70433 0.60599
1.70540 0.60830
1.70647 0.61053
1.70754 0.61271
1.70861 0.61484
1.70968 0.61696
1.71075 0.61909
1.71182 0.62125
1.71289 0.62346
1.71396 0.62575
1.71503 0.62815
1.71610 0.63086
1.71717 0.63397
1.71824 0.63736
1.71931 0.64093
1.72038 0.64456
1.72145 0.64813
1.72252 0.65152
1.72359 0.65462
1.72466 0.65731
1.72573 0.65960
1.72680 0.66184
1.72787 0.66403
1.72894 0.66620
1.73001 0.66834
1.73108 0.67046
1.73215 0.67256
1.73322 0.67465
1.73429 0.67672
1.73536 0.67878
1.73643 0.68085
1.73750 0.68290
1.73857 0.68494
1.73964 0.68697
1.74071 0.68898
1.74178 0.69097
1.74285 0.69293
1.74392 0.69486
1.74499 0.69676
1.74606 0.69854
1.74713 0.70015
1.74820 0.70158
1.74927 0.70286
1.75034 0.70399
1.75141 0.70498
1.75248 0.70584
1.75355 0.70659
1.75462 0.70722
1.75569 0.70775
1.75676 0.70815
1.75783 0.70846
1.75890 0.70870
1.75997 0.70890
1.76104 0.70908
1.76211 0.70928
1.76318 0.70952
1.76425 0.70984
1.76532 0.71025
1.76639 0.71083
1.76746 0.71154
1.76853 0.71235
1.76960 0.71319
1.77067 0.71404
1.77174 0.71482
1.77281 0.71550
1.77388 0.71603
1.77495 0.71635
1.77602 0.71634
1.77709 0.71592
1.77816 0.71520
1.77923 0.71426
1.78030 0.71321
1.78137 0.71213
1.78244 0.71113
1.78351 0.71029
1.78458 0.70971
1.78565 0.70945
1.78672 0.70942
1.78779 0.70954
1.78886 0.70975
1.78993 0.71000
1.79100 0.71021
1.79207 0.71034
1.79314 0.71031
1.79421 0.71007
1.79528 0.70956
1.79635 0.70885
1.79742 0.70800
1.79849 0.70706
1.79956 0.70606
1.80063 0.70505
1.80170 0.70406
1.80277 0.70314
1.80384 0.70232
1.80491 0.70165
1.80598 0.70109
1.80705 0.70054
1.80812 0.70000
1.80919 0.69948
1.81026 0.69896
1.81133 0.69845
1.81240 0.69796
1.81347 0.69746
1.81454 0.69697
1.81561 0.69651
1.81668 0.69614
1.81775 0.69585
1.81882 0.69560
1.81989 0.69536
1.82096 0.69509
1.82203 0.69477
1.82310 0.69436
1.82417 0.69383
1.82524 0.69313
1.82631 0.69212
1.82738 0.69081
1.82845 0.68926
1.82952 0.68754
1.83059 0.68572
1.83166 0.68389
1.83273 0.68210
1.83380 0.68043
1.83487 0.67896
1.83594 0.67763
1.83701 0.67630
1.83808 0.67498
1.83915 0.67367
1.84022 0.67239
1.84129 0.67116
1.84236 0.66997
1.84343 0.66884
1.84450 0.66779
1.84557 0.66682
1.84664 0.66598
1.84771 0.66522
1.84878 0.66453
1.84985 0.66387
1.85092 0.66321
1.85199 0.66253
1.85306 0.66179
1.85413 0.66097
1.85520 0.66003
1.85627 0.65904
1.85734 0.65802
1.85841 0.65698
1.85948 0.65593
1.86055 0.65488
1.86162 0.65383
1.86269 0.65279
1.86376 0.65176
1.86483 0.65076
1.86590 0.64978
1.86697 0.64884
1.86804 0.64792
1.86911 0.64702
1.87018 0.64613
1.87125 0.64524
1.87232 0.64434
1.87339 0.64343
1.87446 0.64249
1.87553 0.64150
1.87660 0.64033
1.87767 0.63900
1.87874 0.63756
1.87981 0.63606
1.88088 0.63453
1.88195 0.63302
1.88302 0.63157
1.88409 0.63024
1.88516 0.62907
1.88623 0.62816
1.88730 0.62753
1.88837 0.62709
1.88944 0.62678
1.89051 0.62653
1.89158 0.62627
1.89265 0.62592
1.89372 0.62541
1.89479 0.62468
1.89586 0.62361
1.89693 0.62218
1.89800 0.62047
1.89907 0.61859
1.90014 0.61665
1.90121 0.61474
1.90228 0.61296
1.90335 0.61143
1.90442 0.61024
1.90549 0.60948
1.90656 0.60902
1.90763 0.60878
1.90870 0.60868
1.90977 0.60866
1.91084 0.60864
1.91191 0.60857
1.91298 0.60836
1.91405 0.60795
1.91512 0.60727
1.91619 0.60645
1.91726 0.60561
1.91833 0.60474
1.91940 0.60386
1.92047 0.60299
1.92154 0.60212
1.92261 0.60127
1.92368 0.60044
1.92475 0.59964
1.92582 0.59887
1.92689 0.59811
1.92796 0.59734
1.92903 0.59659
1.93010 0.59584
1.93117 0.59510
1.93224 0.59438
1.93331 0.59367
1.93438 0.59298
1.93545 0.59232
1.93652 0.59171
1.93759 0.59114
1.93866 0.59062
1.93973 0.59012
1.94080 0.58965
1.94187 0.58919
1.94294 0.58875
1.94401 0.58830
1.94508 0.58785
1.94615 0.58743
1.94722 0.58707
1.94829 0.58675
1.94936 0.58646
1.95043 0.58622
1.95150 0.58599
1.95257 0.58579
1.95364 0.58561
1.95471 0.58543
1.95578 0.58537
1.95685 0.58566
1.95792 0.58623
1.95899 0.58700
1.96006 0.58787
1.96113 0.58874
1.96220 0.58954
1.96327 0.59017
1.96434 0.59053
1.96541 0.59051
1.96648 0.58981
1.96755 0.58852
1.96862 0.58682
1.96969 0.58490
1.97076 0.58294
1.97183 0.58114
1.97290 0.57966
1.97397 0.57871
1.97504 0.57845
1.97611 0.57869
1.97718 0.57909
1.97825 0.57962
1.97932 0.58022
1.98039 0.58086
1.98146 0.58148
1.98253 0.58205
1.98360 0.58253
1.98467 0.58285
1.98574 0.58301
1.98681 0.58306
1.98788 0.58303
1.98895 0.58295
1.99002 0.58286
1.99109 0.58278
1.99216 0.58275
1.99323 0.58280
1.99430 0.58296
1.99537 0.58327
1.99644 0.58374
1.99751 0.58436
1.99858 0.58512
1.99965 0.58602
2.00072 0.58703
2.00179 0.58816
2.00286 0.58938
2.00393 0.59069
2.00500 0.59208
