0.93500 0.01453 5.12561 0.00000
0.93607 0.02005 5.22483 185.45084
0.93714 0.02578 5.52248 370.90168
0.93821 0.03194 6.01856 556.35252
0.93928 0.03873 6.71307 741.80336
0.94035 0.04638 7.60602 927.25420
0.94142 0.05508 8.69740 1112.70504
0.94249 0.06506 9.98721 1298.15589
0.94356 0.07653 11.47545 1483.60673
0.94463 0.08969 13.16212 1669.05757
0.94570 0.10465 14.55744 455.10450
0.94677 0.12011 13.99921 -1498.53350
0.94784 0.13386 11.35058 -3452.17149
0.94891 0.14366 6.61156 -5405.80949
0.94998 0.14726 -0.21785 -7359.44748
0.95105 0.14245 -9.13766 -9313.08548
0.95212 0.12696 -20.14786 -11266.72347
0.95319 0.09858 -33.24845 -13220.36147
0.95426 0.05507 -48.43943 -15173.99947
0.95533 -0.00576 -65.15976 -13727.38820
0.95640 -0.08161 -74.99486 -4655.97556
0.95747 -0.16279 -75.12355 4415.43708
0.95854 -0.23891 -65.54583 13486.84973
0.95961 -0.29959 -46.26169 22558.26237
0.96068 -0.33445 -17.27115 31629.67501
0.96175 -0.33309 21.42581 40701.08765
0.96282 -0.28514 69.82918 49772.50029
0.96389 -0.18020 127.93896 58843.91293
0.96496 -0.00788 195.75515 67915.32557
0.96603 0.23474 251.60198 34897.84627
0.96710 0.51732 270.40386 245.84689
0.96817 0.80018 252.12809 -34406.15249
0.96924 1.04365 196.77469 -69058.15187
0.97031 1.20805 104.34365 -103710.15125
0.97138 1.25372 -25.16503 -138362.15064
0.97245 1.14098 -191.75136 -173014.15002
0.97352 0.83015 -395.41532 -207666.14940
0.97459 0.28156 -636.15692 -242318.14878
0.97566 -0.53699 -880.04850 -174159.06670
0.97673 -1.55314 -995.76448 -42132.49463
0.97780 -2.61754 -970.21204 89894.07743
0.97887 -3.57901 -803.39116 221920.64950
0.97994 -4.28641 -495.30185 353947.22157
0.98101 -4.58857 -45.94410 485973.79364
0.98208 -4.33434 544.68207 618000.36571
0.98315 -3.37257 1276.57668 750026.93778
0.98422 -1.55208 2149.73972 882053.50985
0.98529 1.27706 3151.71049 928144.23226
0.98636 5.14539 4045.82463 743097.15214
0.98743 9.86450 4741.93840 558050.07203
0.98850 15.22252 5240.05179 373002.99191
0.98957 21.00759 5540.16480 187955.91179
0.99064 27.00785 5642.27744 2908.83167
0.99171 33.01145 5546.38970 -182138.24845
0.99278 38.80651 5252.50159 -367185.32857
0.99385 44.18118 4760.61310 -552232.40869
0.99492 48.92360 4070.72423 -737279.48880
0.99599 52.84866 3263.89349 -758572.02297
0.99706 55.90524 2447.90941 -766631.86655
0.99813 58.08411 1623.30130 -774691.71013
0.99920 59.37603 790.06915 -782751.55371
1.00027 59.77178 -51.78703 -790811.39729
1.00134 59.26213 -902.26724 -798871.24087
1.00241 57.83785 -1761.37148 -806931.08445
1.00348 55.48972 -2629.09976 -814990.92803
1.00455 52.20850 -3505.45207 -823050.77162
1.00562 47.99253 -4353.85988 -713147.60603
1.00669 42.96297 -5012.32383 -517626.12734
1.00776 37.34078 -5461.57979 -322104.64864
1.00883 31.34981 -5701.62777 -126583.16995
1.00990 25.21391 -5732.46777 68938.30874
1.01097 19.15694 -5554.09979 264459.78744
1.01204 13.40276 -5166.52383 459981.26613
1.01311 8.17520 -4569.73988 655502.74482
1.01418 3.69813 -3763.74796 851024.22351
1.01525 0.19460 -2758.17875 969500.04799
1.01632 -2.22728 -1792.62885 835266.12663
1.01739 -3.69286 -970.70924 701032.20528
1.01846 -4.35583 -292.41993 566798.28392
1.01953 -4.36987 242.23909 432564.36257
1.02060 -3.88866 633.26781 298330.44121
1.02167 -3.06590 880.66623 164096.51986
1.02274 -2.05526 984.43436 29862.59850
1.02381 -1.01044 944.57219 -104371.32286
1.02488 -0.08511 761.07973 -238605.24421
1.02595 0.58957 505.08782 -223090.01616
1.02702 1.00887 284.80203 -188659.10608
1.02809 1.21218 101.35733 -154228.19599
1.02916 1.23892 -45.24630 -119797.28591
1.03023 1.12850 -155.00886 -85366.37582
1.03130 0.92034 -227.93035 -50935.46574
1.03237 0.65387 -264.01076 -16504.55566
1.03344 0.36850 -263.25010 17926.35443
1.03451 0.10365 -225.64836 52357.26451
1.03558 -0.10258 -158.07619 63096.32829
1.03665 -0.23737 -95.52602 53819.86675
1.03772 -0.31054 -42.90167 44543.40521
1.03879 -0.33272 -0.20314 35266.94367
1.03986 -0.31452 32.56959 25990.48213
1.04093 -0.26656 55.41650 16714.02059
1.04200 -0.19947 68.33759 7437.55905
1.04307 -0.12386 71.33287 -1838.90249
1.04414 -0.05036 64.40234 -11115.36403
1.04521 0.01044 47.79169 -18051.85290
1.04628 0.05175 29.89196 -15405.59658
1.04735 0.07542 14.82371 -12759.34026
1.04842 0.08448 2.58697 -10113.08394
1.04949 0.08196 -6.81829 -7466.82762
1.05056 0.07090 -13.39204 -4820.57130
1.05163 0.05431 -17.13431 -2174.31498
1.05270 0.03524 -18.04508 471.94134
1.05377 0.01671 -16.12435 3118.19766
1.05484 0.00174 -11.37214 5764.45398
1.05591 -0.00708 -5.31609 5053.20720
1.05698 -0.01013 -0.60550 3751.63021
1.05805 -0.00888 2.71240 2450.05321
1.05912 -0.00482 4.63762 1148.47622
1.06019 0.00055 5.17014 -153.10077
1.06126 0.00575 4.30998 -1454.67777
1.06233 0.00928 2.05713 -2756.25476
1.06340 0.00965 -1.58841 -4057.83176
1.06447 0.00538 -6.62663 -5359.40875
1.06554 -0.00491 -12.42636 -4323.26485
1.06661 -0.02005 -15.27039 -992.69118
1.06768 -0.03632 -14.55071 2337.88249
1.06875 -0.04991 -10.26732 5668.45615
1.06982 -0.05702 -2.42022 8999.02982
1.07089 -0.05382 8.99060 12329.60349
1.07196 -0.03651 23.96513 15660.17716
1.07303 -0.00126 42.50338 18990.75083
1.07410 0.05572 64.60534 22321.32449
1.07517 0.13826 90.15768 24318.54252
1.07624 0.24768 113.47050 19256.81890
1.07731 0.37915 131.36727 14195.09528
1.07838 0.52687 143.84800 9133.37167
1.07945 0.68505 150.91269 4071.64805
1.08052 0.84790 152.56133 -990.07557
1.08159 1.00960 148.79392 -6051.79918
1.08266 1.16438 139.61048 -11113.52280
1.08373 1.30644 125.01099 -16175.24642
1.08480 1.42997 104.99545 -21236.97003
1.08587 1.52973 81.41492 -22043.40822
1.08694 1.60426 57.92038 -21871.61987
1.08801 1.65375 34.60965 -21699.83153
1.08908 1.67839 11.48274 -21528.04318
1.09015 1.67839 -11.46036 -21356.25483
1.09122 1.65393 -34.21965 -21184.46648
1.09229 1.60522 -56.79512 -21012.67814
1.09336 1.53246 -79.18678 -20840.88979
1.09443 1.43583 -101.39462 -20669.10144
1.09550 1.31563 -122.84128 -18187.83073
1.09657 1.17476 -139.56623 -13073.75012
1.09764 1.01891 -150.81911 -7959.66950
1.09871 0.85396 -156.59992 -2845.58889
1.09978 0.68574 -156.90867 2268.49172
1.10085 0.52012 -151.74535 7382.57233
1.10192 0.36296 -141.10996 12496.65294
1.10299 0.22010 -125.00251 17610.73356
1.10406 0.09740 -103.42299 22724.81417
1.10513 0.00072 -76.44081 26771.19137
1.10620 -0.06644 -49.76119 23097.25163
1.10727 -0.10717 -27.01269 19423.31189
1.10834 -0.12565 -8.19531 15749.37215
1.10941 -0.12611 6.69096 12075.43241
1.11048 -0.11274 17.64612 8401.49268
1.11155 -0.08975 24.67016 4727.55294
1.11262 -0.06135 27.76308 1053.61320
1.11369 -0.03174 26.92489 -2620.32654
1.11476 -0.00513 22.15558 -6294.26628
1.11583 0.01469 14.94881 -6369.05839
1.11690 0.02722 8.65069 -5403.13312
1.11797 0.03357 3.38610 -4437.20785
1.11904 0.03484 -0.84494 -3471.28257
1.12011 0.03213 -4.04244 -2505.35730
1.12118 0.02655 -6.20640 -1539.43202
1.12225 0.01922 -7.33683 -573.50675
1.12332 0.01122 -7.43371 392.41853
1.12439 0.00368 -6.49705 1358.34380
1.12546 -0.00233 -4.64799 1797.59401
1.12653 -0.00633 -2.86322 1538.42727
1.12760 -0.00856 -1.35575 1279.26053
1.12867 -0.00933 -0.12560 1020.09379
1.12974 -0.00893 0.82725 760.92706
1.13081 -0.00765 1.50278 501.76032
1.13188 -0.00581 1.90101 242.59358
1.13295 -0.00369 2.02193 -16.57316
1.13402 -0.00158 1.86555 -275.73989
1.13509 0.00021 1.43310 -507.22098
1.13616 0.00146 0.92781 -437.23612
1.13723 0.00222 0.49741 -367.25126
1.13830 0.00256 0.14189 -297.26640
1.13937 0.00255 -0.13874 -227.28155
1.14044 0.00229 -0.34449 -157.29669
1.14151 0.00184 -0.47535 -87.31183
1.14258 0.00129 -0.53133 -17.32697
1.14365 0.00073 -0.51243 52.65789
1.14472 0.00022 -0.41865 122.64275
1.14579 -0.00015 -0.27547 128.09728
1.14686 -0.00037 -0.14772 110.68029
1.14793 -0.00047 -0.03861 93.26331
1.14900 -0.00046 0.05186 75.84633
1.15007 -0.00036 0.12370 58.42935
1.15114 -0.00020 0.17690 41.01236
1.15221 0.00001 0.21147 23.59538
1.15328 0.00024 0.22740 6.17840
1.15435 0.00049 0.22469 -11.23859
1.15542 0.00072 0.20509 -20.36309
1.15649 0.00093 0.18528 -16.65400
1.15756 0.00112 0.16945 -12.94491
1.15863 0.00129 0.15758 -9.23582
1.15970 0.00145 0.14968 -5.52673
1.16077 0.00161 0.14575 -1.81764
1.16184 0.00177 0.14579 1.89145
1.16291 0.00193 0.14980 5.60054
1.16398 0.00209 0.15778 9.30963
1.16505 0.00226 0.16972 13.02482
1.16612 0.00245 0.18571 16.86439
1.16719 0.00266 0.20581 20.70395
1.16826 0.00290 0.23002 24.54352
1.16933 0.00316 0.25834 28.38308
1.17040 0.00345 0.29076 32.22265
1.17147 0.00378 0.32729 36.06221
1.17254 0.00415 0.36793 39.90178
1.17361 0.00457 0.41268 43.74135
1.17468 0.00504 0.46154 47.58091
1.17575 0.00556 0.51354 48.84791
1.17682 0.00614 0.56590 49.01727
1.17789 0.00677 0.61844 49.18664
1.17896 0.00746 0.67116 49.35600
1.18003 0.00821 0.72406 49.52537
1.18110 0.00901 0.77714 49.69473
1.18217 0.00987 0.83041 49.86410
1.18324 0.01079 0.88385 50.03346
1.18431 0.01176 0.93748 50.20283
1.18538 0.01279 0.99142 51.05258
1.18645 0.01388 1.04716 53.13776
1.18752 0.01503 1.10513 55.22294
1.18859 0.01625 1.16533 57.30811
1.18966 0.01753 1.22777 59.39329
1.19073 0.01888 1.29244 61.47847
1.19180 0.02030 1.35933 63.56365
1.19287 0.02179 1.42846 65.64883
1.19394 0.02335 1.49982 67.73401
1.19501 0.02500 1.57341 69.75128
1.19608 0.02672 1.64527 64.56995
1.19715 0.02852 1.71159 59.38861
1.19822 0.03038 1.77237 54.20728
1.19929 0.03231 1.82760 49.02594
1.20036 0.03429 1.87728 43.84461
1.20143 0.03632 1.92142 38.66328
1.20250 0.03840 1.96002 33.48194
1.20357 0.04052 1.99307 28.30061
1.20464 0.04266 2.02058 23.11927
1.20571 0.04484 2.04086 13.16649
1.20678 0.04703 2.04832 0.79439
1.20785 0.04922 2.04256 -11.57771
1.20892 0.05139 2.02355 -23.94981
1.20999 0.05354 1.99130 -36.32191
1.21106 0.05565 1.94582 -48.69401
1.21213 0.05770 1.88710 -61.06611
1.21320 0.05968 1.81514 -73.43821
1.21427 0.06158 1.72994 -85.81031
1.21534 0.06338 1.63259 -91.78876
1.21641 0.06508 1.53852 -84.03964
1.21748 0.06668 1.45275 -76.29053
1.21855 0.06819 1.37526 -68.54142
1.21962 0.06962 1.30607 -60.79231
1.22069 0.07099 1.24517 -53.04320
1.22176 0.07229 1.19256 -45.29409
1.22283 0.07354 1.14824 -37.54497
1.22390 0.07475 1.11221 -29.79586
1.22497 0.07592 1.08447 -22.04675
1.22604 0.07707 1.05162 -40.08718
1.22711 0.07817 0.99868 -58.87154
1.22818 0.07920 0.92563 -77.65590
1.22925 0.08014 0.83249 -96.44025
1.23032 0.08097 0.71925 -115.22461
1.23139 0.08167 0.58591 -134.00897
1.23246 0.08222 0.43247 -152.79333
1.23353 0.08259 0.25893 -171.57769
1.23460 0.08277 0.06530 -190.36205
1.23567 0.08273 -0.14046 -185.32608
1.23674 0.08247 -0.32846 -166.06901
1.23781 0.08203 -0.49585 -146.81195
1.23888 0.08142 -0.64264 -127.55489
1.23995 0.08066 -0.76882 -108.29783
1.24102 0.07978 -0.87439 -89.04077
1.24209 0.07880 -0.95936 -69.78371
1.24316 0.07774 -1.02373 -50.52664
1.24423 0.07661 -1.06749 -31.26958
1.24530 0.07546 -1.09212 -21.85384
1.24637 0.07427 -1.12398 -37.69749
1.24744 0.07305 -1.17280 -53.54113
1.24851 0.07176 -1.23856 -69.38478
1.24958 0.07039 -1.32128 -85.22843
1.25065 0.06892 -1.42095 -101.07207
1.25172 0.06734 -1.53757 -116.91572
1.25279 0.06563 -1.67115 -132.75936
1.25386 0.06376 -1.82168 -148.60301
1.25493 0.06172 -1.98916 -164.44666
1.25600 0.05951 -2.14953 -132.15808
1.25707 0.05714 -2.27186 -96.50025
1.25814 0.05466 -2.35604 -60.84242
1.25921 0.05211 -2.40206 -25.18459
1.26028 0.04953 -2.40993 10.47324
1.26135 0.04697 -2.37965 46.13107
1.26242 0.04445 -2.31121 81.78890
1.26349 0.04203 -2.20462 117.44673
1.26456 0.03975 -2.05988 153.10457
1.26563 0.03764 -1.88591 160.40023
1.26670 0.03571 -1.72098 147.88740
1.26777 0.03395 -1.56943 135.37458
1.26884 0.03234 -1.43128 122.86175
1.26991 0.03088 -1.30651 110.34892
1.27098 0.02954 -1.19513 97.83609
1.27205 0.02832 -1.09714 85.32326
1.27312 0.02719 -1.01254 72.81044
1.27419 0.02615 -0.94133 60.29761
1.27526 0.02517 -0.88310 50.85573
1.27633 0.02426 -0.82862 50.98105
1.27740 0.02340 -0.77400 51.10636
1.27847 0.02260 -0.71925 51.23168
1.27954 0.02186 -0.66437 51.35699
1.28061 0.02118 -0.60935 51.48231
1.28168 0.02056 -0.55420 51.60763
1.28275 0.01999 -0.49891 51.73294
1.28382 0.01949 -0.44349 51.85826
1.28489 0.01904 -0.38793 51.98357
1.28596 0.01866 -0.32924 58.36226
1.28703 0.01834 -0.26300 65.45749
1.28810 0.01810 -0.18916 72.55271
1.28917 0.01794 -0.10773 79.64793
1.29024 0.01787 -0.01871 86.74316
1.29131 0.01790 0.07790 93.83838
1.29238 0.01804 0.18210 100.93360
1.29345 0.01829 0.29389 108.02882
1.29452 0.01867 0.41328 115.12405
1.29559 0.01918 0.53761 113.22680
1.29666 0.01982 0.65383 104.01364
1.29773 0.02058 0.76020 94.80048
1.29880 0.02144 0.85670 85.58732
1.29987 0.02241 0.94335 76.37416
1.30094 0.02346 1.02014 67.16100
1.30201 0.02459 1.08708 57.94784
1.30308 0.02578 1.14415 48.73468
1.30415 0.02703 1.19137 39.52152
1.30522 0.02833 1.22893 32.09200
1.30629 0.02966 1.26298 31.55382
1.30736 0.03103 1.29645 31.01563
1.30843 0.03243 1.32935 30.47744
1.30950 0.03387 1.36167 29.93925
1.31057 0.03535 1.39342 29.40106
1.31164 0.03686 1.42459 28.86288
1.31271 0.03840 1.45519 28.32469
1.31378 0.03997 1.48521 27.78650
1.31485 0.04157 1.51465 27.24831
1.31592 0.04321 1.53934 17.62914
1.31699 0.04486 1.55226 6.52937
1.31806 0.04653 1.55331 -4.57040
1.31913 0.04818 1.54248 -15.67017
1.32020 0.04982 1.51978 -26.76993
1.32127 0.05143 1.48520 -37.86970
1.32234 0.05300 1.43874 -48.96947
1.32341 0.05451 1.38040 -60.06924
1.32448 0.05595 1.31019 -71.16901
1.32555 0.05731 1.22922 -78.20346
1.32662 0.05858 1.14383 -81.39434
1.32769 0.05975 1.05503 -84.58522
1.32876 0.06083 0.96282 -87.77609
1.32983 0.06181 0.86719 -90.96697
1.33090 0.06269 0.76815 -94.15785
1.33197 0.06346 0.66569 -97.34873
1.33304 0.06411 0.55982 -100.53961
1.33411 0.06465 0.45054 -103.73049
1.33518 0.06507 0.33799 -105.23763
1.33625 0.06538 0.22904 -98.41960
1.33732 0.06557 0.12738 -91.60158
1.33839 0.06565 0.03301 -84.78355
1.33946 0.06564 -0.05406 -77.96553
1.34053 0.06554 -0.13384 -71.14750
1.34160 0.06536 -0.20632 -64.32948
1.34267 0.06510 -0.27150 -57.51145
1.34374 0.06478 -0.32939 -50.69343
1.34481 0.06440 -0.37999 -43.87540
1.34588 0.06397 -0.42554 -42.18552
1.34695 0.06349 -0.47037 -41.60285
1.34802 0.06296 -0.51457 -41.02018
1.34909 0.06239 -0.55815 -40.43751
1.35016 0.06177 -0.60111 -39.85484
1.35123 0.06110 -0.64344 -39.27217
1.35230 0.06039 -0.68515 -38.68950
1.35337 0.05963 -0.72624 -38.10683
1.35444 0.05884 -0.76670 -37.52415
1.35551 0.05799 -0.80583 -34.17726
1.35658 0.05711 -0.83899 -27.79514
1.35765 0.05620 -0.86531 -21.41302
1.35872 0.05526 -0.88481 -15.03089
1.35979 0.05431 -0.89748 -8.64877
1.36086 0.05335 -0.90332 -2.26665
1.36193 0.05238 -0.90233 4.11547
1.36300 0.05142 -0.89451 10.49759
1.36407 0.05047 -0.87987 16.87971
1.36514 0.04954 -0.85839 23.27924
1.36621 0.04863 -0.83000 29.79443
1.36728 0.04776 -0.79463 36.30961
1.36835 0.04693 -0.75229 42.82479
1.36942 0.04616 -0.70298 49.33998
1.37049 0.04543 -0.64671 55.85516
1.37156 0.04477 -0.58345 62.37035
1.37263 0.04419 -0.51323 68.88553
1.37370 0.04368 -0.43604 75.40071
1.37477 0.04326 -0.35188 81.91590
1.37584 0.04293 -0.26771 71.82307
1.37691 0.04268 -0.19870 57.18281
1.37798 0.04249 -0.14534 42.54256
1.37905 0.04236 -0.10766 27.90230
1.38012 0.04226 -0.08563 13.26204
1.38119 0.04217 -0.07928 -1.37822
1.38226 0.04208 -0.08858 -16.01847
1.38333 0.04198 -0.11355 -30.65873
1.38440 0.04184 -0.15419 -45.29899
1.38547 0.04164 -0.20703 -45.19838
1.38654 0.04140 -0.24527 -26.27966
1.38761 0.04112 -0.26327 -7.36094
1.38868 0.04084 -0.26102 11.55778
1.38975 0.04057 -0.23854 30.47651
1.39082 0.04034 -0.19580 49.39523
1.39189 0.04016 -0.13283 68.31395
1.39296 0.04006 -0.04961 87.23268
1.39403 0.04006 0.05385 106.15140
1.39510 0.04018 0.17734 120.77895
1.39617 0.04044 0.29213 93.78218
1.39724 0.04080 0.37803 66.78540
1.39831 0.04124 0.43505 39.78863
1.39938 0.04172 0.46318 12.79185
1.40045 0.04222 0.46242 -14.20493
1.40152 0.04270 0.43278 -41.20170
1.40259 0.04313 0.37425 -68.19848
1.40366 0.04349 0.28684 -95.19525
1.40473 0.04374 0.17053 -122.19203
1.40580 0.04385 0.04304 -104.95781
1.40687 0.04384 -0.05206 -72.79563
1.40794 0.04375 -0.11275 -40.63344
1.40901 0.04361 -0.13902 -8.47126
1.41008 0.04346 -0.13087 23.69092
1.41115 0.04334 -0.08832 55.85310
1.41222 0.04329 -0.01135 88.01529
1.41329 0.04333 0.10003 120.17747
1.41436 0.04351 0.24583 152.33965
1.41543 0.04387 0.42031 157.83935
1.41650 0.04440 0.57091 123.65535
1.41757 0.04508 0.68493 89.47135
1.41864 0.04586 0.76238 55.28736
1.41971 0.04670 0.80325 21.10336
1.42078 0.04756 0.80754 -13.08064
1.42185 0.04841 0.77525 -47.26464
1.42292 0.04921 0.70639 -81.44863
1.42399 0.04991 0.60095 -115.63263
1.42506 0.05048 0.45903 -146.64098
1.42613 0.05089 0.31414 -124.19249
1.42720 0.05116 0.19326 -101.74401
1.42827 0.05131 0.09641 -79.29553
1.42934 0.05138 0.02357 -56.84705
1.43041 0.05137 -0.02525 -34.39857
1.43148 0.05133 -0.05004 -11.95008
1.43255 0.05128 -0.05082 10.49840
1.43362 0.05123 -0.02758 32.94688
1.43469 0.05122 0.01969 55.39536
1.43576 0.05128 0.08319 57.36188
1.43683 0.05140 0.14115 50.97392
1.43790 0.05158 0.19227 44.58596
1.43897 0.05181 0.23656 38.19799
1.44004 0.05208 0.27401 31.81003
1.44111 0.05239 0.30463 25.42206
1.44218 0.05273 0.32842 19.03410
1.44325 0.05309 0.34537 12.64614
1.44432 0.05347 0.35548 6.25817
1.44539 0.05385 0.35923 2.27568
1.44646 0.05424 0.36178 2.48736
1.44753 0.05463 0.36455 2.69904
1.44860 0.05502 0.36755 2.91071
1.44967 0.05541 0.37078 3.12239
1.45074 0.05581 0.37423 3.33406
1.45181 0.05621 0.37791 3.54574
1.45288 0.05662 0.38182 3.75741
1.45395 0.05703 0.38596 3.96909
1.45502 0.05745 0.39032 4.18873
1.45609 0.05787 0.39514 4.82632
1.45716 0.05829 0.40064 5.46392
1.45823 0.05872 0.40683 6.10151
1.45930 0.05916 0.41370 6.73911
1.46037 0.05961 0.42125 7.37670
1.46144 0.06006 0.42949 8.01430
1.46251 0.06053 0.43840 8.65189
1.46358 0.06100 0.44800 9.28949
1.46465 0.06149 0.45828 9.92708
1.46572 0.06198 0.46863 8.84013
1.46679 0.06249 0.47705 6.91486
1.46786 0.06300 0.48342 4.98959
1.46893 0.06352 0.48773 3.06432
1.47000 0.06405 0.48998 1.13905
1.47107 0.06457 0.49017 -0.78622
1.47214 0.06510 0.48830 -2.71148
1.47321 0.06562 0.48437 -4.63675
1.47428 0.06613 0.47838 -6.56202
1.47535 0.06664 0.47107 -4.24281
1.47642 0.06714 0.47244 6.80792
1.47749 0.06765 0.48564 17.85865
1.47856 0.06819 0.51066 28.90938
1.47963 0.06875 0.54750 39.96011
1.48070 0.06936 0.59617 51.01084
1.48177 0.07003 0.65667 62.06158
1.48284 0.07077 0.72898 73.11231
1.48391 0.07160 0.81313 84.16304
1.48498 0.07252 0.90909 95.21377
1.48605 0.07354 1.00134 76.66686
1.48712 0.07465 1.07315 57.55619
1.48819 0.07583 1.12451 38.44552
1.48926 0.07705 1.15543 19.33485
1.49033 0.07829 1.16589 0.22418
1.49140 0.07954 1.15591 -18.88649
1.49247 0.08076 1.12547 -37.99716
1.49354 0.08194 1.07459 -57.10782
1.49461 0.08305 1.00326 -76.21849
1.49568 0.08408 0.92278 -62.09717
1.49675 0.08504 0.87409 -28.91631
1.49782 0.08597 0.86090 4.26455
1.49889 0.08690 0.88322 37.44541
1.49996 0.08787 0.94104 70.62626
1.50103 0.08892 1.03436 103.80712
1.50210 0.09009 1.16318 136.98798
1.50317 0.09142 1.32751 170.16883
1.50424 0.09295 1.52735 203.34969
1.50531 0.09470 1.75925 214.40644
1.50638 0.09670 1.96556 171.22343
1.50745 0.09889 2.12567 128.04042
1.50852 0.10123 2.23957 84.85741
1.50959 0.10367 2.30726 41.67440
1.51066 0.10615 2.32875 -1.50861
1.51173 0.10864 2.30404 -44.69162
1.51280 0.11107 2.23311 -87.87463
1.51387 0.11340 2.11598 -131.05764
1.51494 0.11558 1.95265 -174.24065
1.51601 0.11757 1.78189 -140.62242
1.51708 0.11941 1.65186 -102.44173
1.51815 0.12112 1.56267 -64.26104
1.51922 0.12277 1.51434 -26.08036
1.52029 0.12438 1.50686 12.10033
1.52136 0.12601 1.54023 50.28102
1.52243 0.12769 1.61446 88.46170
1.52350 0.12948 1.72954 126.64239
1.52457 0.13141 1.88547 164.82308
1.52564 0.13352 2.06553 150.72706
1.52671 0.13581 2.20048 101.50764
1.52778 0.13821 2.28276 52.28822
1.52885 0.14068 2.31237 3.06879
1.52992 0.14314 2.28933 -46.15063
1.53099 0.14556 2.21361 -95.37005
1.53206 0.14786 2.08523 -144.58948
1.53313 0.15000 1.90419 -193.80890
1.53420 0.15192 1.67048 -243.02832
1.53527 0.15356 1.38744 -267.58884
1.53634 0.15490 1.12707 -219.08591
1.53741 0.15599 0.91860 -170.58298
1.53848 0.15688 0.76202 -122.08005
1.53955 0.15764 0.65734 -73.57712
1.54062 0.15831 0.60457 -25.07419
1.54169 0.15895 0.60368 23.42874
1.54276 0.15962 0.65470 71.93166
1.54383 0.16037 0.75762 120.43459
1.54490 0.16126 0.91243 168.93752
1.54597 0.16233 1.08496 146.96092
1.54704 0.16357 1.22657 117.71838
1.54811 0.16494 1.33688 88.47585
1.54918 0.16642 1.41590 59.23331
1.55025 0.16796 1.46364 29.99078
1.55132 0.16954 1.48008 0.74824
1.55239 0.17112 1.46524 -28.49429
1.55346 0.17266 1.41911 -57.73683
1.55453 0.17414 1.34168 -86.97936
1.55560 0.17552 1.23925 -95.28209
1.55667 0.17680 1.14163 -87.18197
1.55774 0.17797 1.05268 -79.08184
1.55881 0.17905 0.97240 -70.98172
1.55988 0.18005 0.90078 -62.88160
1.56095 0.18098 0.83783 -54.78147
1.56202 0.18185 0.78355 -46.68135
1.56309 0.18266 0.73793 -38.58123
1.56416 0.18343 0.70099 -30.48111
1.56523 0.18417 0.67300 -19.79612
1.56630 0.18488 0.66259 0.32923
1.56737 0.18559 0.67371 20.45459
1.56844 0.18633 0.70636 40.57994
1.56951 0.18711 0.76055 60.70529
1.57058 0.18796 0.83627 80.83065
1.57165 0.18891 0.93353 100.95600
1.57272 0.18997 1.05232 121.08136
1.57379 0.19117 1.19264 141.20671
1.57486 0.19253 1.35450 161.33206
1.57593 0.19406 1.50161 103.44462
1.57700 0.19572 1.57505 33.81331
1.57807 0.19741 1.57397 -35.81800
1.57914 0.19906 1.49840 -105.44931
1.58021 0.20059 1.34831 -175.08062
1.58128 0.20192 1.12372 -244.71193
1.58235 0.20296 0.82463 -314.34324
1.58342 0.20365 0.45103 -383.97455
1.58449 0.20390 0.00292 -453.60586
1.58556 0.20364 -0.46970 -344.71370
1.58663 0.20299 -0.69330 -73.23765
1.58770 0.20226 -0.62643 198.23839
1.58877 0.20176 -0.26907 469.71443
1.58984 0.20179 0.37876 741.19048
1.59091 0.20267 1.31707 1012.66652
1.59198 0.20471 2.54587 1284.14256
1.59305 0.20822 4.06514 1555.61861
1.59412 0.21352 5.87489 1827.09465
1.59519 0.22090 7.95421 1878.42708
1.59626 0.23030 9.44609 910.14701
1.59733 0.24074 9.90192 -58.13307
1.59840 0.25112 9.32169 -1026.41315
1.59947 0.26032 7.70540 -1994.69322
1.60054 0.26724 5.05305 -2962.97330
1.60161 0.27077 1.36464 -3931.25337
1.60268 0.26979 -3.35984 -4899.53345
1.60375 0.26321 -9.12037 -5867.81353
1.60482 0.24990 -15.91696 -6836.09360
1.60589 0.22927 -22.08090 -4054.47061
1.60696 0.20400 -24.52527 -514.44026
1.60803 0.17814 -23.18180 3025.59010
1.60910 0.15574 -18.05050 6565.62045
1.61017 0.14086 -9.13137 10105.65080
1.61124 0.13755 3.57559 13645.68115
1.61231 0.14986 20.07038 17185.71151
1.61338 0.18185 40.35301 20725.74186
1.61445 0.23757 64.42347 24265.77221
1.61552 0.32133 93.80508 33664.70838
1.61659 0.44395 138.17010 49260.56417
1.61766 0.62297 199.22269 64856.41995
1.61873 0.87624 276.96284 80452.27574
1.61980 1.22162 371.39056 96048.13152
1.62087 1.67697 482.50584 111643.98731
1.62194 2.26014 610.30869 127239.84309
1.62301 2.98898 754.79910 142835.69888
1.62408 3.88136 915.97708 158431.55466
1.62515 4.95508 1092.98658 162613.45313
1.62622 6.20510 1231.76730 96789.74669
1.62729 7.56594 1300.11664 30966.04025
1.62836 8.96223 1298.03462 -34857.66618
1.62943 10.31862 1225.52124 -100681.37262
1.63050 11.55973 1082.57648 -166505.07905
1.63157 12.61021 869.20037 -232328.78549
1.63264 13.39470 585.39288 -298152.49192
1.63371 13.83783 231.15403 -363976.19836
1.63478 13.86424 -193.51618 -429799.90479
1.63585 13.41254 -639.36313 -379730.36867
1.63692 12.52632 -1002.83962 -299664.93446
1.63799 11.29702 -1280.64609 -219599.50026
1.63906 9.81629 -1472.78255 -139534.06606
1.64013 8.17582 -1579.24899 -59468.63186
1.64120 6.46726 -1600.04542 20596.80235
1.64227 4.78228 -1535.17184 100662.23655
1.64334 3.21255 -1384.62824 180727.67075
1.64441 1.84973 -1148.41462 260793.10495
1.64548 0.78343 -839.45219 287020.20145
1.64655 0.04189 -553.71340 247071.00787
1.64762 -0.41677 -310.72024 207121.81428
1.64869 -0.63829 -110.47271 167172.62069
1.64976 -0.66842 47.02917 127223.42710
1.65083 -0.55290 161.78542 87274.23351
1.65190 -0.33745 233.79603 47325.03992
1.65297 -0.06782 263.06101 7375.84634
1.65404 0.21026 249.58034 -32573.34725
1.65511 0.45105 193.63251 -67459.56501
1.65618 0.62139 126.42614 -58159.81186
1.65725 0.72515 69.17051 -48860.05872
1.65832 0.77297 21.86561 -39560.30557
1.65939 0.77549 -15.48855 -30260.55243
1.66046 0.74337 -42.89197 -20960.79928
1.66153 0.68725 -60.34466 -11661.04614
1.66260 0.61778 -67.84661 -2361.29299
1.66367 0.54561 -65.39782 6938.46015
1.66474 0.48138 -52.99830 16238.21330
1.66581 0.43476 -34.28058 16568.75083
1.66688 0.40708 -17.91545 14020.28087
1.66795 0.39545 -4.27718 11471.81092
1.66902 0.39695 6.63423 8923.34096
1.67009 0.40867 14.81877 6374.87101
1.67116 0.42769 20.27645 3826.40105
1.67223 0.45109 23.00727 1277.93109
1.67330 0.47595 23.01123 -1270.53886
1.67437 0.49936 20.28832 -3819.00882
1.67544 0.51844 15.13810 -5005.88499
1.67651 0.53192 10.18983 -4243.20643
1.67758 0.54054 6.05764 -3480.52787
1.67865 0.54517 2.74150 -2717.84930
1.67972 0.54670 0.24144 -1955.17074
1.68079 0.54598 -1.44256 -1192.49218
1.68186 0.54390 -2.31050 -429.81362
1.68293 0.54133 -2.36236 332.86494
1.68400 0.53914 -1.59816 1095.54350
1.68507 0.53820 -0.02029 1790.04000
1.68614 0.53915 1.74551 1510.50703
1.68721 0.54183 3.21220 1230.97407
1.68828 0.54592 4.37979 951.44110
1.68935 0.55109 5.24828 671.90813
1.69042 0.55704 5.81767 392.37516
1.69149 0.56344 6.08797 112.84220
1.69256 0.56996 6.05916 -166.69077
1.69363 0.57630 5.73125 -446.22374
1.69470 0.58212 5.10424 -725.75671
1.69577 0.58714 4.28275 -733.53936
1.69684 0.59132 3.55034 -635.44528
1.69791 0.59478 2.92290 -537.35119
1.69898 0.59761 2.40041 -439.25710
1.70005 0.59995 1.98289 -341.16301
1.70112 0.60190 1.67032 -243.06892
1.70219 0.60356 1.46272 -144.97483
1.70326 0.60506 1.36008 -46.88074
1.70433 0.60651 1.36240 51.21335
1.70540 0.60802 1.46274 114.64558
1.70647 0.60965 1.58829 120.01920
1.70754 0.61142 1.71958 125.39282
1.70861 0.61333 1.85663 130.76644
1.70968 0.61539 1.99942 136.14006
1.71075 0.61761 2.14797 141.51368
1.71182 0.61999 2.30226 146.88730
1.71289 0.62254 2.46231 152.26092
1.71396 0.62526 2.62810 157.63454
1.71503 0.62816 2.79963 161.75721
1.71610 0.63125 2.95171 122.51357
1.71717 0.63447 3.06181 83.26994
1.71824 0.63778 3.12991 44.02631
1.71931 0.64115 3.15602 4.78267
1.72038 0.64452 3.14014 -34.46096
1.72145 0.64785 3.08228 -73.70459
1.72252 0.65110 2.98242 -112.94823
1.72359 0.65422 2.84057 -152.19186
1.72466 0.65717 2.65673 -191.43549
1.72573 0.65990 2.44759 -184.93247
1.72680 0.66241 2.26459 -157.12277
1.72787 0.66475 2.11135 -129.31308
1.72894 0.66694 1.98786 -101.50339
1.73001 0.66902 1.89413 -73.69370
1.73108 0.67101 1.83016 -45.88400
1.73215 0.67295 1.79594 -18.07431
1.73322 0.67486 1.79148 9.73538
1.73429 0.67679 1.81677 37.54507
1.73536 0.67876 1.86912 50.34815
1.73643 0.68079 1.91401 33.55486
1.73750 0.68285 1.94093 16.76157
1.73857 0.68493 1.94988 -0.03172
1.73964 0.68702 1.94086 -16.82502
1.74071 0.68908 1.91388 -33.61831
1.74178 0.69111 1.86892 -50.41160
1.74285 0.69307 1.80600 -67.20489
1.74392 0.69496 1.72510 -83.99818
1.74499 0.69676 1.62624 -100.79148
1.74606 0.69844 1.51635 -104.47860
1.74713 0.70000 1.40266 -108.04208
1.74820 0.70144 1.28514 -111.60556
1.74927 0.70275 1.16382 -115.16904
1.75034 0.70393 1.03868 -118.73253
1.75141 0.70497 0.90973 -122.29601
1.75248 0.70587 0.77697 -125.85949
1.75355 0.70663 0.64039 -129.42297
1.75462 0.70724 0.50000 -132.98645
1.75569 0.70770 0.36360 -113.93612
1.75676 0.70803 0.25855 -82.43182
1.75783 0.70827 0.18720 -50.92751
1.75890 0.70845 0.14956 -19.42320
1.75997 0.70860 0.14563 12.08111
1.76104 0.70877 0.17542 43.58541
1.76211 0.70899 0.23891 75.08972
1.76318 0.70929 0.33611 106.59403
1.76425 0.70972 0.46702 138.09834
1.76532 0.71030 0.62781 145.68900
1.76639 0.71105 0.75777 97.23206
1.76746 0.71191 0.83589 48.77512
1.76853 0.71282 0.86215 0.31818
1.76960 0.71373 0.83657 -48.13876
1.77067 0.71459 0.75914 -96.59569
1.77174 0.71534 0.62985 -145.05263
1.77281 0.71592 0.44872 -193.50957
1.77388 0.71628 0.21574 -241.96651
1.77495 0.71636 -0.06908 -290.42345
1.77602 0.71613 -0.35511 -239.56470
1.77709 0.71563 -0.58163 -183.83754
1.77816 0.71491 -0.74852 -128.11037
1.77923 0.71405 -0.85579 -72.38321
1.78030 0.71310 -0.90342 -16.65605
1.78137 0.71213 -0.89143 39.07112
1.78244 0.71121 -0.81981 94.79828
1.78351 0.71040 -0.68856 150.52544
1.78458 0.70976 -0.49769 206.25261
1.78565 0.70935 -0.26730 200.09312
1.78672 0.70917 -0.07789 153.94534
1.78779 0.70917 0.06215 107.79755
1.78886 0.70929 0.15280 61.64976
1.78993 0.70948 0.19408 15.50198
1.79100 0.70969 0.18598 -30.64581
1.79207 0.70986 0.12850 -76.79359
1.79314 0.70994 0.02164 -122.94138
1.79421 0.70989 -0.13460 -169.08916
1.79528 0.70964 -0.33738 -195.00679
1.79635 0.70917 -0.52937 -163.84645
1.79742 0.70852 -0.68801 -132.68612
1.79849 0.70771 -0.81332 -101.52578
1.79956 0.70679 -0.90528 -70.36545
1.80063 0.70578 -0.96390 -39.20511
1.80170 0.70474 -0.98918 -8.04478
1.80277 0.70368 -0.98111 23.11556
1.80384 0.70265 -0.93971 54.27589
1.80491 0.70168 -0.86496 85.43623
1.80598 0.70080 -0.77279 84.12799
1.80705 0.70003 -0.68506 79.83795
1.80812 0.69934 -0.60193 75.54790
1.80919 0.69874 -0.52339 71.25786
1.81026 0.69822 -0.44944 66.96782
1.81133 0.69777 -0.38008 62.67777
1.81240 0.69740 -0.31531 58.38773
1.81347 0.69710 -0.25513 54.09768
1.81454 0.69685 -0.19954 49.80764
1.81561 0.69667 -0.15236 32.99665
1.81668 0.69652 -0.13110 6.74364
1.81775 0.69638 -0.13793 -19.50937
1.81882 0.69621 -0.17285 -45.76238
1.81989 0.69600 -0.23586 -72.01539
1.82096 0.69570 -0.32696 -98.26840
1.82203 0.69529 -0.44616 -124.52141
1.82310 0.69473 -0.59344 -150.77442
1.82417 0.69401 -0.76881 -177.02743
1.82524 0.69308 -0.97077 -190.75941
1.82631 0.69193 -1.15907 -161.18949
1.82738 0.69061 -1.31572 -131.61957
1.82845 0.68913 -1.44073 -102.04965
1.82952 0.68754 -1.53411 -72.47972
1.83059 0.68586 -1.59584 -42.90980
1.83166 0.68413 -1.62593 -13.33988
1.83273 0.68239 -1.62439 16.23004
1.83380 0.68067 -1.59120 45.79996
1.83487 0.67900 -1.52638 75.36988
1.83594 0.67741 -1.44281 77.49502
1.83701 0.67591 -1.36078 75.82460
1.83808 0.67450 -1.28054 74.15418
1.83915 0.67317 -1.20209 72.48377
1.84022 0.67192 -1.12543 70.81335
1.84129 0.67076 -1.05055 69.14293
1.84236 0.66967 -0.97746 67.47252
1.84343 0.66867 -0.90616 65.80210
1.84450 0.66773 -0.83665 64.13168
1.84557 0.66687 -0.77084 55.73795
1.84664 0.66608 -0.71884 41.44657
1.84771 0.66533 -0.68214 27.15519
1.84878 0.66461 -0.66073 12.86381
1.84985 0.66391 -0.65461 -1.42756
1.85092 0.66321 -0.66378 -15.71894
1.85199 0.66249 -0.68825 -30.01032
1.85306 0.66173 -0.72801 -44.30170
1.85413 0.66092 -0.78306 -58.59308
1.85520 0.66005 -0.85285 -67.47245
1.85627 0.65910 -0.91721 -52.80961
1.85734 0.65809 -0.96587 -38.14677
1.85841 0.65704 -0.99884 -23.48393
1.85948 0.65596 -1.01612 -8.82108
1.86055 0.65487 -1.01772 5.84176
1.86162 0.65379 -1.00362 20.50460
1.86269 0.65273 -0.97384 35.16744
1.86376 0.65171 -0.92836 49.83028
1.86483 0.65075 -0.86720 64.49313
1.86590 0.64985 -0.80410 48.60405
1.86697 0.64902 -0.76368 26.94406
1.86804 0.64821 -0.74644 5.28407
1.86911 0.64741 -0.75237 -16.37592
1.87018 0.64659 -0.78148 -38.03592
1.87125 0.64573 -0.83377 -59.69591
1.87232 0.64480 -0.90923 -81.35590
1.87339 0.64378 -1.00787 -103.01589
1.87446 0.64264 -1.12968 -124.67589
1.87553 0.64135 -1.26677 -116.51334
1.87660 0.63994 -1.37082 -77.96558
1.87767 0.63843 -1.43362 -39.41781
1.87874 0.63688 -1.45517 -0.87005
1.87981 0.63533 -1.43548 37.67772
1.88088 0.63383 -1.37454 76.22548
1.88195 0.63241 -1.27236 114.77325
1.88302 0.63112 -1.12893 153.32101
1.88409 0.63001 -0.94425 191.86878
1.88516 0.62911 -0.71944 216.57338
1.88623 0.62846 -0.51661 162.54496
1.88730 0.62799 -0.37159 108.51654
1.88837 0.62764 -0.28438 54.48812
1.88944 0.62736 -0.25498 0.45971
1.89051 0.62707 -0.28340 -53.56871
1.89158 0.62673 -0.36962 -107.59713
1.89265 0.62626 -0.51366 -161.62554
1.89372 0.62561 -0.71550 -215.65396
1.89479 0.62471 -0.97516 -269.68238
1.89586 0.62351 -1.25260 -230.64065
1.89693 0.62205 -1.46634 -168.87249
1.89800 0.62040 -1.61399 -107.10433
1.89907 0.61862 -1.69554 -45.33617
1.90014 0.61680 -1.71101 16.43199
1.90121 0.61499 -1.66038 78.20015
1.90228 0.61327 -1.54366 139.96831
1.90335 0.61171 -1.36085 201.73647
1.90442 0.61038 -1.11194 263.50463
1.90549 0.60935 -0.80947 274.14002
1.90656 0.60863 -0.54283 224.25092
1.90763 0.60817 -0.32958 174.36182
1.90870 0.60790 -0.16970 124.47272
1.90977 0.60778 -0.06321 74.58362
1.91084 0.60775 -0.01009 24.69452
1.91191 0.60774 -0.01036 -25.19458
1.91298 0.60771 -0.06401 -75.08368
1.91405 0.60759 -0.17104 -124.97278
1.91512 0.60732 -0.33096 -166.62371
1.91619 0.60688 -0.49663 -143.05582
1.91726 0.60627 -0.63710 -119.48793
1.91833 0.60552 -0.75234 -95.92005
1.91940 0.60467 -0.84236 -72.35216
1.92047 0.60373 -0.90717 -48.78427
1.92154 0.60274 -0.94676 -25.21638
1.92261 0.60171 -0.96113 -1.64849
1.92368 0.60069 -0.95029 21.91940
1.92475 0.59969 -0.91423 45.48729
1.92582 0.59874 -0.86115 49.05266
1.92689 0.59785 -0.81002 46.51971
1.92796 0.59701 -0.76160 43.98676
1.92903 0.59621 -0.71589 41.45382
1.93010 0.59547 -0.67288 38.92087
1.93117 0.59477 -0.63259 36.38792
1.93224 0.59412 -0.59501 33.85497
1.93331 0.59350 -0.56015 31.32202
1.93438 0.59292 -0.52799 28.78907
1.93545 0.59237 -0.49888 24.70805
1.93652 0.59185 -0.47577 18.49414
1.93759 0.59135 -0.45931 12.28023
1.93866 0.59086 -0.44949 6.06631
1.93973 0.59038 -0.44633 -0.14760
1.94080 0.58991 -0.44981 -6.36151
1.94187 0.58942 -0.45994 -12.57542
1.94294 0.58892 -0.47672 -18.78934
1.94401 0.58840 -0.50015 -25.00325
1.94508 0.58785 -0.53012 -28.68323
1.94615 0.58727 -0.54601 -1.00583
1.94722 0.58669 -0.53228 26.67157
1.94829 0.58614 -0.48893 54.34897
1.94936 0.58565 -0.41597 82.02636
1.95043 0.58526 -0.31339 109.70376
1.95150 0.58499 -0.18120 137.38116
1.95257 0.58488 -0.01940 165.05856
1.95364 0.58496 0.17202 192.73596
1.95471 0.58526 0.39306 220.41336
1.95578 0.58581 0.61617 177.48205
1.95685 0.58655 0.76906 108.29879
1.95792 0.58742 0.84793 39.11552
1.95899 0.58834 0.85277 -30.06775
1.96006 0.58922 0.78358 -99.25101
1.96113 0.58999 0.64037 -168.43428
1.96220 0.59057 0.42313 -237.61755
1.96327 0.59087 0.13187 -306.80081
1.96434 0.59082 -0.23342 -375.98408
1.96541 0.59035 -0.66037 -384.82499
1.96648 0.58944 -1.02489 -296.52941
1.96755 0.58819 -1.29494 -208.23384
1.96862 0.58670 -1.47051 -119.93827
1.96969 0.58507 -1.55161 -31.64270
1.97076 0.58341 -1.53823 56.65288
1.97183 0.58182 -1.43037 144.94845
1.97290 0.58039 -1.22804 233.24402
1.97397 0.57922 -0.93123 321.53959
1.97504 0.57843 -0.54006 404.06377
1.97611 0.57807 -0.14307 337.97464
1.97718 0.57809 0.18321 271.88550
1.97825 0.57843 0.43877 205.79636
1.97932 0.57901 0.62361 139.70723
1.98039 0.57974 0.73774 73.61809
1.98146 0.58056 0.78115 7.52895
1.98253 0.58139 0.75385 -58.56018
1.98360 0.58215 0.65584 -124.64932
1.98467 0.58277 0.48710 -190.73846
1.98574 0.58317 0.27537 -181.92625
1.98681 0.58337 0.10329 -139.71210
1.98788 0.58341 -0.02361 -97.49795
1.98895 0.58334 -0.10535 -55.28380
1.99002 0.58320 -0.14192 -13.06965
1.99109 0.58305 -0.13332 29.14450
1.99216 0.58293 -0.07955 71.35865
1.99323 0.58290 0.01939 113.57280
1.99430 0.58299 0.16349 155.78695
1.99537 0.58326 0.34881 176.61775
1.99644 0.58373 0.52730 156.99356
1.99751 0.58438 0.68478 137.36936
1.99858 0.58519 0.82127 117.74517
1.99965 0.58613 0.93675 98.12097
2.00072 0.58719 1.03125 78.49678
2.00179 0.58833 1.10474 58.87258
2.00286 0.58954 1.15723 39.24839
2.00393 0.59080 1.18873 19.62419
2.00500 0.59208 1.19923 0.00000
